480 164 1920 921764 
62 1208 1920 120248 
860 1327 1920 1652527 
373 1817 1920 717977 
562 1831 1920 1080871 
80 398 1920 153998 
837 1755 1920 1608795 
845 568 1920 1622968 
164 1628 1920 316508 
847 520 1920 1626760 
246 617 1920 472937 
896 1578 1920 1721898 
616 1098 1920 1183818 
309 1342 1920 594622 
860 848 1920 1652048 
482 894 1920 926334 
302 1297 1920 581137 
976 1744 1920 1875664 
807 500 1920 1549940 
745 253 1920 1430653 
134 367 1920 257647 
158 1123 1920 304483 
80 1579 1920 155179 
781 1777 1920 1501297 
532 1257 1920 1022697 
961 1034 1920 1846154 
305 1873 1920 587473 
40 627 1920 77427 
1050 701 1920 2016701 
334 233 1920 641513 
989 260 1920 1899140 
359 1723 1920 691003 
540 1181 1920 1037981 
630 1340 1920 1210940 
32 1014 1920 62454 
35 1588 1920 68788 
367 1625 1920 706265 
266 1116 1920 511836 
1012 92 1920 1943132 
59 40 1920 113320 
736 1149 1920 1414269 
124 1528 1920 239608 
667 135 1920 1280775 
75 261 1920 144261 
852 178 1920 1636018 
257 468 1920 493908 
114 1648 1920 220528 
754 1409 1920 1449089 
702 991 1920 1348831 
353 1270 1920 679030 
127 284 1920 244124 
22 1851 1920 44091 
1048 238 1920 2012398 
505 1261 1920 970861 
314 1448 1920 604328 
603 821 1920 1158581 
289 1447 1920 556327 
970 1398 1920 1863798 
439 1801 1920 844681 
276 1024 1920 530944 
1031 514 1920 1980034 
270 1781 1920 520181 
75 575 1920 144575 
639 391 1920 1227271 
687 1533 1920 1320573 
542 1249 1920 1041889 
859 448 1920 1649728 
649 216 1920 1246296 
557 1608 1920 1071048 
994 957 1920 1909437 
300 1253 1920 577253 
990 979 1920 1901779 
1052 379 1920 2020219 
120 571 1920 230971 
428 808 1920 822568 
337 1332 1920 648372 
100 772 1920 192772 
319 589 1920 613069 
114 1140 1920 220020 
306 298 1920 587818 
1 545 1920 2465 
595 1672 1920 1144072 
46 1737 1920 90057 
142 1600 1920 274240 
864 1762 1920 1660642 
149 969 1920 287049 
437 334 1920 839374 
621 1164 1920 1193484 
232 998 1920 446438 
1068 941 1920 2051501 
750 790 1920 1440790 
38 562 1920 73522 
865 665 1920 1661465 
90 981 1920 173781 
396 1420 1920 761740 
567 1544 1920 1090184 
882 364 1920 1693804 
134 1576 1920 258856 
689 31 1920 1322911 
967 990 1920 1857630 
