207 230 32 0 0 0 0 0 0 207 0 0 0 0 0 0 0 0 230 0 0 0 0 0 0 0 0 32 0 0 
232 161 24 0 0 0 0 0 0 207 232 0 0 0 0 0 0 0 230 161 0 0 0 0 0 0 0 32 24 0 
71 139 244 0 0 0 0 0 0 207 232 71 0 0 0 0 0 0 230 161 139 0 0 0 0 0 0 32 24 244 
246 40 247 0 0 0 207 0 0 246 232 71 0 0 0 230 0 0 40 161 139 0 0 0 32 0 0 247 24 244 
244 123 204 0 0 0 207 232 0 246 244 71 0 0 0 230 161 0 40 123 139 0 0 0 32 24 0 247 204 244 
36 107 233 0 0 0 207 232 71 246 244 36 0 0 0 230 161 139 40 123 107 0 0 0 32 24 244 247 204 233 
202 244 167 207 0 0 246 232 71 202 244 36 230 0 0 40 161 139 244 123 107 32 0 0 247 24 244 167 204 233 
9 216 238 207 232 0 246 244 71 202 9 36 230 161 0 40 123 139 244 216 107 32 24 0 247 204 244 167 238 233 
173 193 189 207 232 71 246 244 36 202 9 173 230 161 139 40 123 107 244 216 193 32 24 244 247 204 233 167 238 189 
100 167 43 246 232 71 202 244 36 100 9 173 40 161 139 244 123 107 167 216 193 247 24 244 167 204 233 43 238 189 
180 8 70 246 244 71 202 9 36 100 180 173 40 123 139 244 216 107 167 8 193 247 204 244 167 238 233 43 70 189 
11 24 209 246 244 36 202 9 173 100 180 11 40 123 107 244 216 193 167 8 24 247 204 233 167 238 189 43 70 209 
177 80 242 202 244 36 100 9 173 177 180 11 244 123 107 167 216 193 80 8 24 167 204 233 43 238 189 242 70 209 
8 111 97 202 9 36 100 180 173 177 8 11 244 216 107 167 8 193 80 111 24 167 238 233 43 70 189 242 97 209 
195 202 47 202 9 173 100 180 11 177 8 195 244 216 193 167 8 24 80 111 202 167 238 189 43 70 209 242 97 47 
