4623 5369 746 
-1008 5431 6439 
3130 -1249 4379 
233 2430 2197 
5793 5853 60 
-757 5900 6657 
5790 1927 3863 
4505 -886 5391 
1406 5451 4045 
4439 5809 1370 
3322 -1755 5077 
4905 5600 695 
3510 4157 647 
4037 1164 2873 
3320 -646 3966 
3734 -1787 5521 
220 -1669 1889 
-1252 4695 5947 
3642 549 3093 
5733 -1765 7498 
1545 1077 468 
4221 4464 243 
-517 1963 2480 
1601 3245 1644 
3761 4132 371 
213 3518 3305 
3316 -716 4032 
-1073 2033 3106 
5811 740 5071 
2745 -215 2960 
4104 41 4063 
2095 3677 1582 
5247 5807 560 
2433 -912 3345 
-825 61 886 
4836 35 4801 
4620 -54 4674 
5561 818 4743 
-438 8 446 
2997 1828 1169 
832 4755 3923 
2745 2454 291 
5462 293 5169 
4152 4124 28 
1068 2602 1534 
-1426 -1606 180 
2299 4332 2033 
5600 -984 6584 
2610 1796 814 
-1950 713 2663 
-720 4456 5176 
501 2280 1779 
-691 2882 3573 
106 3308 3202 
3596 4078 482 
1642 -1361 3003 
-173 5431 5604 
-800 4714 5514 
2360 6109 3749 
-1407 1577 2984 
-1174 5829 7003 
-2010 4297 6307 
4645 5065 420 
-1356 1226 2582 
80 4503 4423 
1485 5409 3924 
-559 113 672 
-856 -933 77 
5070 2699 2371 
2455 -861 3316 
4937 3046 1891 
826 2155 1329 
1243 -1425 2668 
-83 -1038 955 
-542 -83 459 
1369 -1641 3010 
5344 5688 344 
1972 1959 13 
718 5322 4604 
976 -1137 2113 
4341 1144 3197 
-69 1260 1329 
-1258 -967 291 
5666 5781 115 
2662 -1558 4220 
-125 844 969 
4676 -1921 6597 
-1695 -664 1031 
3267 3944 677 
3256 1645 1611 
2431 379 2052 
4050 -500 4550 
3576 -545 4121 
970 3075 2105 
4341 -1383 5724 
5562 4304 1258 
1938 1521 417 
1611 461 1150 
2116 2135 19 
4647 4461 186 
