2331 3254 3739 2458 487 1019 3791 2719 348 1557 1308 732 1594 3777 3329 3730 2119 3030 219 1000 3625 2568 3348 2158 3622 1724 4990 
2918 204 1572 372 1289 1549 2806 1066 2311 2976 1019 2540 3593 767 2112 1035 3058 3301 2177 3238 3142 4002 1888 1454 837 766 11847 
2777 375 317 4085 2852 215 3720 3483 2119 265 3281 2088 592 4056 3062 2779 2518 1517 928 1722 3874 1294 2549 1630 3322 2939 7349 
1554 404 4020 3659 3676 1307 3008 2034 1908 1182 4038 2610 92 2297 1102 2941 302 220 2025 2433 1692 493 577 278 1949 5288 7890 
1508 840 834 2244 1869 2685 1798 2129 2321 196 3842 112 220 2786 3023 2541 3588 3531 1521 156 1158 2498 1814 320 3908 2013 3294 
3040 3108 2445 1847 3387 3839 4068 1763 2621 1262 2102 1461 2992 541 1648 987 3083 1070 1854 3621 1065 451 388 2671 2869 507 7028 
990 1534 3836 2005 134 3112 1789 3522 1105 1359 1191 1246 1627 4053 3066 1136 1191 1963 752 2639 25 993 2314 3528 693 5466 7943 
3899 3667 3087 87 2985 2225 1976 540 3457 830 1030 1813 1458 1180 886 2369 1277 1621 1025 3998 3749 227 3626 2000 2429 4218 278 
1247 2915 2475 3577 2509 3963 3553 2115 464 1232 3669 484 31 1452 3268 778 160 2821 991 3258 7 2450 3874 2295 3199 5740 5368 
1438 465 765 2093 712 222 3738 1012 114 2562 2902 1972 222 4056 2355 4066 3488 2494 2051 3075 665 3317 3183 1360 629 11371 6652 
