3336 399 645 581 2685 3709 1140 3975 1727 146 520 2239 3920 3750 3477 3740 3921 1988 3244 3825 2590 3951 3277 3929 2779 144 111 57 198 113 255 
3103 2891 3372 1797 2006 3043 130 2845 1562 1825 1606 1134 1299 3135 2647 2684 189 3891 3256 2905 701 398 141 765 3090 102 153 143 112 255 223 
1130 2041 3076 3928 3443 2783 3930 1045 2241 1041 2683 1394 2072 568 3334 666 2397 2863 611 997 487 917 3648 1054 3805 188 67 153 102 255 203 
1433 1440 1171 311 532 805 3402 3101 221 2329 1028 2397 3087 2174 1922 2523 2251 1558 3191 49 1938 3756 2325 3825 1381 97 158 152 103 255 205 
664 2465 1845 3382 437 3253 1077 343 2205 3939 1274 2678 938 4079 19 2164 2822 3740 320 3173 678 3064 624 1813 3347 160 95 161 94 255 187 
3557 1767 557 3493 311 346 3729 3560 2547 982 1637 745 2374 1437 505 1064 1080 2252 2102 753 3276 596 594 1645 983 181 74 126 129 251 255 
1709 2003 3195 540 961 203 1383 1596 3858 1446 3697 3686 990 3915 3363 3869 1512 1654 2355 63 2010 455 395 245 176 144 111 73 182 145 255 
692 2240 751 3806 1255 2658 1213 1509 3177 2082 2996 3050 2562 1993 2092 2653 774 3195 1785 3348 1847 2812 332 1830 3255 206 49 142 113 255 225 
2638 3845 851 798 1274 1550 3587 1234 925 3781 3323 2253 1928 699 1762 2182 2549 944 932 757 1436 2404 3457 1784 3705 163 92 181 74 255 147 
4012 2436 481 350 2991 1797 1074 1215 1075 2001 455 2469 1305 3280 2369 1057 2912 1737 120 972 1674 908 2080 3804 1879 208 47 116 139 231 255 
