371 100 300 0 255 
217 100 300 149 106 
414 100 300 0 255 
457 100 300 0 255 
336 100 300 0 255 
47 100 300 255 0 
516 100 300 0 255 
30 100 300 255 0 
295 100 300 249 6 
66 100 300 255 0 
212 100 300 143 112 
455 100 300 0 255 
136 100 300 46 209 
495 100 300 0 255 
399 100 300 0 255 
211 100 300 142 113 
139 100 300 49 206 
141 100 300 52 203 
429 100 300 0 255 
27 100 300 255 0 
383 100 300 0 255 
347 100 300 0 255 
418 100 300 0 255 
547 100 300 0 255 
214 100 300 145 110 
145 100 300 57 198 
491 100 300 0 255 
451 100 300 0 255 
258 100 300 202 53 
50 100 300 255 0 
315 100 300 0 255 
104 100 300 5 250 
297 100 300 252 3 
198 100 300 125 130 
176 100 300 97 158 
406 100 300 0 255 
288 100 300 240 15 
442 100 300 0 255 
114 100 300 17 238 
379 100 300 0 255 
29 100 300 255 0 
448 100 300 0 255 
379 100 300 0 255 
529 100 300 0 255 
51 100 300 255 0 
508 100 300 0 255 
285 100 300 236 19 
344 100 300 0 255 
176 100 300 97 158 
43 100 300 255 0 
476 100 300 0 255 
80 100 300 255 0 
207 100 300 136 119 
348 100 300 0 255 
558 100 300 0 255 
289 100 300 241 14 
554 100 300 0 255 
126 100 300 33 222 
222 100 300 156 99 
390 100 300 0 255 
36 100 300 255 0 
418 100 300 0 255 
235 100 300 172 83 
454 100 300 0 255 
212 100 300 143 112 
178 100 300 99 156 
552 100 300 0 255 
402 100 300 0 255 
231 100 300 167 88 
55 100 300 255 0 
411 100 300 0 255 
356 100 300 0 255 
41 100 300 255 0 
67 100 300 255 0 
549 100 300 0 255 
278 100 300 227 28 
12 100 300 255 0 
30 100 300 255 0 
78 100 300 255 0 
500 100 300 0 255 
260 100 300 204 51 
314 100 300 0 255 
276 100 300 225 30 
37 100 300 255 0 
502 100 300 0 255 
161 100 300 78 177 
150 100 300 64 192 
332 100 300 0 255 
266 100 300 212 43 
206 100 300 135 120 
367 100 300 0 255 
525 100 300 0 255 
347 100 300 0 255 
158 100 300 74 181 
114 100 300 17 238 
245 100 300 185 70 
15 100 300 255 0 
490 100 300 0 255 
341 100 300 0 255 
114 100 300 17 238 
