-4323 247 -4171 
3258 168 2138 
-2849 5 -56 
1154 9 40 
-3854 48 -723 
-831 196 -636 
2095 80 654 
-3407 19 -253 
-5375 183 -3842 
-6726 234 -6148 
-1153 20 -91 
1181 212 978 
-2501 198 -1934 
3413 150 1999 
-2016 100 -788 
-1175 107 -491 
-4605 126 -2267 
-7538 144 -4241 
-7386 222 -6405 
5897 86 1981 
7765 243 7371 
8004 40 1250 
-8144 63 -2004 
-2519 59 -581 
4192 57 933 
-845 66 -218 
-2527 230 -2270 
-7983 33 -1030 
-1834 214 -1533 
-4698 238 -4367 
7696 95 2856 
7943 31 961 
4275 147 2454 
1984 124 961 
-4580 36 -645 
2214 204 1764 
2779 120 1302 
7281 150 4266 
-4477 174 -3043 
-2939 190 -2181 
8160 68 2167 
7074 177 4891 
-6631 62 -1606 
7120 122 3393 
6266 198 4846 
-7892 196 -6042 
3043 221 2627 
1318 159 819 
-6371 54 -1344 
-7596 113 -3353 
-2841 73 -811 
-59 46 -11 
7106 239 6634 
1498 0 0 
6602 174 4487 
-6982 254 -6927 
-3040 206 -2446 
-632 149 -368 
-368 140 -201 
-5319 149 -3096 
-5656 113 -2497 
616 117 281 
5473 254 5430 
7736 190 5741 
-4916 9 -173 
-5102 147 -2930 
2101 93 763 
2237 227 1983 
-4038 73 -1152 
-6137 134 -3213 
5254 76 1560 
4712 111 2043 
827 251 811 
3108 247 2999 
-6619 229 -5921 
-7234 31 -876 
2141 94 786 
-2956 202 -2333 
-3249 154 -1955 
-623 74 -181 
5445 145 3084 
-7036 67 -1842 
-5392 142 -2991 
-4881 125 -2383 
3757 243 3566 
4298 20 335 
7179 248 6954 
1754 244 1672 
-2775 229 -2482 
-8186 123 -3933 
-5776 80 -1805 
-5384 151 -3176 
2581 88 887 
-7312 12 -343 
-7276 18 -512 
-7935 248 -7687 
3846 191 2869 
-7646 29 -867 
-3911 227 -3468 
7733 253 7642 
