3276 11 244 -4294 -6413 -276 -4093 4095 
3934 195 60 7535 4941 3763 1766 1170 
2304 126 129 1773 8011 3942 893 0 
2018 181 74 -4046 -4981 -3522 -1170 4095 
902 88 167 7988 -2710 -932 5210 0 
1549 226 29 -6691 2155 1902 -758 977 
918 203 52 -1204 6401 5075 -245 0 
2411 23 232 5869 -1195 -108 5318 0 
2132 233 22 -4086 1536 1398 -352 1609 
2600 22 233 2675 -6 -1 2434 1384 
1326 16 239 -7523 4121 257 -7024 4095 
278 146 109 6933 -7301 -4164 2951 885 
204 60 195 -997 -7743 -1815 -760 1492 
1951 28 227 -6106 2135 233 -5415 4095 
2317 186 69 -1058 6583 4782 -286 69 
2060 135 120 7879 1445 762 3693 0 
2460 184 71 1741 4330 3112 482 663 
724 223 32 -1062 2400 2090 -133 0 
1242 246 9 -4068 -2352 -2261 -144 2445 
2841 24 231 -5041 -6588 -618 -4549 4095 
2906 227 28 -4925 1753 1554 -539 2399 
2768 200 55 1681 5937 4638 361 269 
813 111 144 600 -8119 -3521 337 2405 
2649 149 106 954 -1882 -1096 395 3000 
2060 97 158 4363 -5331 -2020 2692 1724 
3656 113 142 7817 7143 3152 4335 0 
1529 29 226 4120 6706 759 3637 0 
3478 47 208 411 -2603 -478 333 3551 
345 61 194 -4772 498 118 -3617 2095 
2487 226 29 2204 -6372 -5626 249 4095 
3121 243 12 -153 -3056 -2901 -8 4095 
1794 47 208 2389 -241 -45 1941 846 
3526 182 73 -932 -195 -139 -266 3729 
458 146 109 1971 -6721 -3834 839 1956 
156 147 108 -629 744 427 -266 76 
657 192 63 2112 -297 -223 519 509 
2079 60 195 4808 -3418 -802 3662 649 
273 49 206 -5035 5057 967 -4052 1816 
2388 242 13 7777 1230 1162 394 1610 
3650 54 201 -6553 6204 1308 -5146 4095 
739 29 226 -5456 2393 271 -4817 3012 
368 174 81 -2207 -1600 -1088 -699 1262 
871 234 21 768 7960 7275 63 0 
1550 121 134 2705 3988 1884 1415 0 
1823 170 85 -6451 6287 4174 -2142 807 
2431 94 161 3738 -3512 -1290 2350 1901 
4065 197 58 4843 -6987 -5377 1097 4095 
3539 177 78 -8071 6371 4404 -2460 2567 
1522 21 234 6306 -563 -47 5764 0 
0 173 82 8145 6058 4093 2608 0 
1951 99 156 2537 -1445 -559 1545 1458 
1742 26 229 -786 -7753 -788 -704 2488 
2503 188 67 -7485 919 674 -1959 3146 
2921 128 127 -3983 3706 1853 -1976 2983 
2026 194 61 6434 4576 3467 1533 0 
479 221 34 2736 7832 6761 363 0 
3973 214 41 1111 -6223 -5203 177 4095 
1677 159 96 -7171 -3636 -2259 -2690 4095 
2914 247 8 6865 -1390 -1342 214 3478 
3692 222 33 -1058 2217 1922 -137 2800 
2543 197 58 -5854 -4905 -3775 -1327 4095 
1397 116 139 -4148 -2139 -970 -2253 3009 
401 227 28 -5393 4023 3567 -590 0 
3475 114 141 -6847 4611 2053 -3772 4095 
3108 150 105 1725 -2385 -1398 707 3454 
1871 225 30 1827 5621 4940 214 0 
2302 184 71 -106 2012 1446 -30 1594 
1828 232 23 766 4659 4222 68 0 
2979 142 113 -6773 8173 4533 -2990 2208 
2970 106 149 -5852 5531 2290 -3407 3529 
2382 175 80 -3716 -3036 -2076 -1162 4001 
2075 108 147 5960 -4737 -1999 3422 1364 
3243 98 157 -4265 4218 1614 -2616 3744 
1140 40 215 -2981 -313 -49 -2504 2417 
995 163 92 -1714 -3515 -2239 -616 2423 
3724 145 110 7485 -5139 -2911 3216 3572 
2668 84 171 -5021 3345 1097 -3354 3797 
91 203 52 353 -7786 -6175 71 3143 
3174 201 54 -6425 3093 2428 -1356 2638 
1220 253 2 3431 7315 7229 26 0 
3871 57 198 891 2557 569 689 3242 
3854 244 11 7888 -5396 -5144 338 4095 
1098 139 116 -5324 -7302 -3965 -2413 4095 
1294 110 145 4508 1699 730 2553 0 
1116 131 124 5615 2066 1057 2719 0 
3358 46 209 6362 -5336 -959 5193 1241 
42 246 9 -6598 -7679 -7380 -232 3848 
2744 249 6 6356 -7378 -7177 148 4095 
1470 186 69 -4583 -6814 -4951 -1236 4095 
3738 0 255 1673 -797 0 1666 2905 
2067 144 111 165 -5825 -3277 71 3670 
1393 83 172 2329 -4802 -1557 1564 1390 
2817 42 213 1883 1493 244 1566 1912 
1621 101 154 2493 4400 1735 1499 4 
3886 34 221 3147 -4298 -571 2716 2814 
1279 82 173 188 -7513 -2407 127 2419 
2004 113 142 7344 -4795 -2117 4073 1026 
3229 137 118 5256 -7905 -4231 2422 4095 
1825 125 130 -7447 226 110 -3782 3661 
3038 240 15 2619 87 81 153 2921 
