96 159 3980 1786 2601 
105 150 1920 1124 1446 
18 237 3944 -27 252 
5 250 -2943 3222 3089 
118 137 -46 -3541 0 
228 27 -1893 771 0 
121 134 1274 3588 2480 
158 97 -2416 -500 0 
6 249 901 -2429 0 
132 123 2966 -468 1304 
139 116 1477 -1055 323 
19 236 -3705 1951 1523 
9 246 1984 3582 3511 
130 125 -1967 2120 36 
253 2 2070 -3195 2020 
152 103 1889 -1957 334 
24 231 1146 -3015 0 
115 140 2677 -1573 342 
102 153 1642 -2115 0 
193 62 -1824 -4046 0 
95 160 -1604 -1714 0 
61 194 2949 -843 63 
122 133 -86 -1886 0 
252 3 2961 -3829 2869 
84 171 1182 -2710 0 
242 13 -2037 643 0 
233 22 -144 -470 0 
79 176 2078 -3016 0 
90 165 3157 -3923 0 
215 40 -2046 -96 0 
185 70 -2325 3901 0 
151 104 3830 3242 3576 
48 207 1734 3011 2759 
30 225 803 853 843 
131 124 1547 3652 2560 
222 33 -1192 -2115 0 
142 113 -1633 2441 171 
202 53 -1221 -3652 0 
180 75 -2766 -3166 0 
232 23 2881 2538 2838 
47 208 -3653 892 54 
198 57 -3869 4016 0 
127 128 -2672 1028 0 
146 109 -2839 -1174 0 
36 219 -1329 -1842 0 
1 254 -22 309 306 
222 33 1376 -2632 853 
140 115 786 2527 1565 
251 4 -2345 -3813 0 
115 140 -216 3695 1923 
63 192 -563 2709 1893 
210 45 -979 3487 0 
188 67 3660 82 2709 
201 54 2859 -898 2055 
188 67 190 -575 0 
52 203 -3188 -1023 0 
84 171 2597 259 1025 
132 123 -3111 1027 0 
88 167 610 2980 2153 
50 205 3290 -2465 0 
76 179 3193 11 955 
70 185 607 -715 0 
3 252 54 -974 0 
16 239 -2178 -2430 0 
207 48 -3658 -1024 0 
197 58 3375 -1482 2261 
84 171 2188 -3523 0 
242 13 -1750 1532 0 
35 220 1812 3512 3265 
186 69 -760 -2135 0 
132 123 2803 1334 2086 
208 47 -254 -1561 0 
175 80 2210 2699 2354 
180 75 2070 -28 1447 
220 35 3837 -3288 2847 
139 116 -3220 1835 0 
156 99 545 2549 1317 
147 108 3042 61 1772 
201 54 2692 -1455 1806 
248 7 -3500 2057 0 
211 44 -1418 2490 0 
137 118 2626 3701 3111 
19 236 -2172 -829 0 
68 187 4057 1226 1973 
179 76 1536 559 1239 
97 158 -1121 -758 0 
94 161 27 3362 2124 
52 203 606 -108 37 
66 189 3098 -3597 0 
112 143 517 321 405 
195 60 715 -337 465 
219 36 -1198 -1253 0 
64 191 -1654 -2799 0 
92 163 1686 1645 1653 
1 254 3288 -1489 0 
152 103 -3073 -915 0 
208 47 2964 -3410 1782 
86 169 -1493 3967 2117 
139 116 2799 -2730 282 
230 25 2007 1878 1986 
