199 56 1587 -4015 77 -4015 
215 40 3458 2219 77 2219 
10 245 -998 1673 77 -998 
186 69 -2259 -1892 77 -1984 
171 84 -185 1013 77 615 
60 195 -2645 2699 77 -1383 
195 60 3558 -3212 77 -1613 
46 209 -3284 -84 77 -3284 
49 206 3242 -3284 77 3242 
11 244 469 2231 77 469 
79 176 -2630 -1319 77 -2216 
53 202 83 3328 77 83 
160 95 -3264 -894 77 -1770 
13 242 10 -560 77 10 
254 1 2552 -118 77 -118 
228 27 -2969 -901 77 -901 
236 19 3419 1749 77 1749 
157 98 -1284 3571 77 1698 
31 224 1888 1199 77 1888 
212 43 -834 2046 77 2046 
212 43 -1455 428 77 428 
249 6 403 -1389 77 -1389 
157 98 -1142 2100 77 850 
105 150 -63 1594 77 616 
248 7 -1411 2766 77 2766 
188 67 3719 -3834 77 -1843 
91 164 1332 -1790 77 217 
58 197 1729 1020 77 1729 
150 105 1313 -3706 77 -1633 
88 167 -399 -2122 77 -990 
182 73 2917 -1790 77 -441 
186 69 -2967 2757 77 1203 
35 220 722 -1097 77 722 
205 50 30 -86 77 -86 
223 32 -1203 -415 77 -415 
245 10 -3749 3873 77 3873 
48 207 1368 707 77 1368 
172 83 -1139 985 77 292 
206 49 -3938 -3409 77 -3409 
248 7 1239 -2202 77 -2202 
102 153 -3096 -1897 77 -2607 
65 190 -1379 -2849 77 -1747 
88 167 -3099 3146 77 -941 
24 231 3522 -828 77 3522 
12 243 -1291 1932 77 -1291 
202 53 367 1525 77 1525 
227 28 -3647 -1609 77 -1609 
11 244 -2495 1803 77 -2495 
184 71 3094 675 77 1343 
18 237 3462 2460 77 3462 
72 183 357 3970 77 1371 
182 73 2776 -547 77 402 
120 135 497 -1892 77 -625 
190 65 31 1202 77 899 
78 177 -2959 -201 77 -2108 
92 163 2359 2295 77 2326 
170 85 -3002 -3919 77 -3600 
142 113 -1632 3598 77 1275 
250 5 -1748 2463 77 2463 
228 27 798 3145 77 3145 
240 15 402 1870 77 1870 
147 108 -3884 -438 77 -1891 
164 91 173 -1046 77 -609 
238 17 2698 2859 77 2859 
94 161 763 3051 77 1600 
238 17 1379 -2402 77 -2402 
166 89 -3505 -764 77 -1714 
170 85 3552 2546 77 2870 
123 132 2102 -680 77 757 
247 8 3996 2982 77 2982 
99 156 -371 -2075 77 -1029 
200 55 3135 3388 77 3388 
142 113 809 -2876 77 -1239 
229 26 -407 -2411 77 -2411 
229 26 2150 3132 77 3132 
72 183 1418 1345 77 1391 
31 224 -760 -1841 77 -760 
182 73 -1775 3244 77 1800 
210 45 -901 -18 77 -18 
177 78 2738 897 77 1454 
146 109 -1425 -357 77 -811 
182 73 3148 1808 77 2183 
4 251 1431 -504 77 1431 
111 144 -3137 2577 77 -648 
82 173 -2079 -1289 77 -1818 
95 160 381 507 77 426 
100 155 -835 125 77 -457 
167 88 3692 1821 77 2457 
102 153 2718 -2995 77 431 
15 240 -3406 -2753 77 -3406 
82 173 -1624 -4000 77 -2379 
137 118 -3314 -2896 77 -3078 
160 95 2942 3883 77 3518 
145 110 4069 438 77 1996 
131 124 -1387 -574 77 -966 
125 130 -3514 3175 77 -235 
16 239 -523 2675 77 -523 
100 155 929 2609 77 1581 
225 30 3530 -2533 77 -2533 
65 190 3258 764 77 2612 
