2384 488 2231 4069 1657 2214 3849 2651 895 1836 3562 2644 2227 433 1498 1084 1963 2953 449 3127 1303 2618 2140 260 2571 219 36 193 62 
3161 2851 1985 1424 3091 3820 384 1611 614 994 3983 2152 2750 2400 1812 786 2172 3035 1073 2817 569 3526 2130 182 1471 121 134 114 141 
3015 80 3365 1625 3237 1616 1355 1761 3311 3887 2799 1738 3635 3092 1341 2883 1107 1602 1545 2749 1811 807 3150 885 1796 227 28 166 89 
3413 2107 1666 2187 2028 3148 3621 3066 368 777 685 2408 3381 457 2027 3530 634 3235 558 604 4054 818 1304 2779 225 129 126 185 70 
3484 3339 2508 933 3025 2295 3600 4054 2040 2400 3807 4050 2161 3689 1010 2853 2 1964 2353 2729 2387 3544 3282 3461 342 30 225 115 140 
2563 3149 495 2262 203 2707 2381 3533 2579 2005 2988 3801 1983 131 788 3648 2375 3460 2517 504 4023 70 858 1484 841 254 1 128 127 
600 2206 508 854 3882 774 2847 2008 2314 336 175 2044 3493 2622 433 2601 2194 3579 1708 582 1154 1823 1107 843 682 117 138 174 81 
2543 3021 3517 548 1363 2349 260 3217 126 1913 213 3524 2102 3846 2654 3813 3826 727 1234 103 2984 4031 1632 1210 3449 230 25 136 119 
2289 725 4048 1697 729 3498 2714 2211 1904 1473 1425 1355 2895 3128 232 1826 3679 4093 3351 2137 222 484 1179 410 1375 86 169 132 123 
719 3735 754 3665 54 856 426 2446 293 3674 3707 3053 1228 993 805 2766 3015 549 220 382 1918 2301 871 1809 1259 231 24 178 77 
