3336 3709 520 3740 2590 399 1140 2239 1234 
3921 3951 645 3975 3920 1988 3277 581 682 
1727 3750 3244 3929 2685 146 3477 3825 629 
2779 3103 3043 1606 2684 701 2891 130 1031 
1134 189 398 3372 2845 1299 3891 141 -771 
1797 1562 3135 3256 765 2006 1825 2647 627 
2905 3090 1130 2783 2683 666 487 2041 1008 
3930 1394 2397 917 3076 1045 2072 2863 -105 
3648 3928 2241 568 611 1054 3443 1041 1059 
3334 997 3805 1433 805 1028 2523 1938 819 
1440 3402 2397 2251 3756 1171 3101 3087 -406 
1558 2325 311 221 2174 3191 3825 532 -1327 
2329 1922 49 1381 664 3253 1274 2164 -419 
678 2465 1077 2678 2822 3064 1845 343 -294 
938 3740 624 3382 2205 4079 320 1813 67 
437 3939 19 3173 3347 3557 346 1637 -330 
1064 3276 1767 3729 745 1080 596 557 1715 
3560 2374 2252 594 3493 2547 1437 2102 -200 
1645 311 982 505 753 983 1709 203 -51 
3697 3869 2010 2003 1383 3686 1512 455 1136 
3195 1596 990 1654 395 540 3858 3915 -318 
2355 245 961 1446 3363 63 176 692 178 
2658 2996 2653 1847 2240 1213 3050 774 719 
2812 751 1509 2562 3195 332 3806 3177 -719 
1993 1785 1830 1255 2082 2092 3348 3255 -979 
2638 1550 3323 2182 1436 3845 3587 2253 -357 
2549 2404 851 1234 1928 944 3457 798 -22 
925 699 932 1784 1274 3781 1762 757 -809 
3705 4012 1797 455 1057 1674 2436 1074 932 
2469 2912 908 481 1215 1305 1737 2080 108 
350 1075 3280 120 3804 2991 2001 2369 -1585 
972 1879 3944 2239 2134 948 2002 2556 349 
2781 1620 1505 4046 155 3625 3740 3260 -207 
404 1072 1373 2783 559 2953 437 2677 -249 
2024 3190 2928 3701 3648 1368 2861 810 789 
125 3047 2048 1965 3705 2497 2529 3519 -1266 
3298 2362 749 983 3630 117 2006 688 238 
4008 2918 2049 1929 244 2793 174 293 1850 
2136 396 3350 3348 2958 614 2701 2124 208 
3984 2658 3277 1858 1771 3380 342 545 1435 
710 1601 3405 3290 248 1635 2158 1707 815 
2690 2572 1196 1768 63 4030 685 435 753 
1525 811 2005 1390 3897 3769 216 3022 -1293 
1102 1732 2244 3861 1711 4026 1234 2871 -226 
2729 2208 2859 2729 729 524 4091 701 1120 
134 2298 3611 2740 780 1511 1887 4020 146 
640 3503 2640 1541 782 1754 1974 494 830 
2414 926 1575 2387 1031 1189 2527 1086 367 
3376 4024 2990 1408 2392 441 3711 3602 413 
3349 1068 2434 92 1741 1281 661 732 632 
1732 386 2451 1928 2850 2866 2615 138 -493 
282 1309 2174 2680 1669 3358 2942 3967 -1373 
2176 1331 433 2502 3189 1734 372 1091 14 
629 1151 1802 2159 1873 3585 2121 3864 -1426 
2611 3922 986 2769 1184 2751 2847 278 807 
1043 917 2735 3458 1411 3196 2765 27 189 
2466 1584 3751 5 1894 1738 1887 3154 -217 
1321 3214 1930 146 720 2956 1939 625 93 
1397 2487 785 3024 994 3757 1102 3135 -324 
773 1177 373 2360 2798 2238 1743 2639 -1184 
2652 2781 2604 3870 856 2905 967 489 1673 
2487 1843 1878 2711 3154 1434 2711 1704 -21 
3448 3411 1050 2512 2384 2214 3562 1084 294 
1303 488 3849 2644 1963 2618 2231 2651 -295 
2227 2953 2140 4069 895 433 449 260 2338 
1657 1836 1498 3127 2571 3161 3820 3983 -1354 
786 569 2851 384 2152 2172 3526 1985 -1311 
1611 2750 3035 2130 1424 614 2400 1073 1004 
182 3091 994 1812 2817 1471 3015 1616 -710 
2799 2883 1811 80 1355 1738 1107 807 642 
3365 1761 3635 1602 3150 1625 3311 3092 -204 
1545 885 3237 3887 1341 2749 1796 3413 64 
3148 685 3530 4054 2107 3621 2408 634 662 
818 1666 3066 3381 3235 1304 2187 368 459 
457 558 2779 2028 777 2027 604 225 547 
3484 2295 3807 2853 2387 3339 3600 4050 -234 
2 3544 2508 4054 2161 1964 3282 933 442 
2040 3689 2353 3461 3025 2400 1010 2729 595 
342 2563 2707 2988 3648 4023 3149 2381 -1150 
3801 2375 70 495 3533 1983 3460 858 -773 
2262 2579 131 2517 1484 203 2005 788 752 
504 841 600 774 175 2601 1154 2206 -854 
2847 2044 2194 1823 508 2008 3493 3579 -170 
1107 854 2314 2622 1708 843 3882 336 32 
433 582 682 2543 2349 213 3813 2984 -1280 
3021 260 3524 3826 4031 3517 3217 2102 -559 
727 1632 548 126 3846 1234 1210 1363 -1155 
1913 2654 103 3449 2289 3498 1425 1826 -230 
222 725 2714 1355 3679 484 4048 2211 -1352 
2895 4093 1179 1697 1904 3128 3351 410 268 
729 1473 232 2137 1375 719 856 3707 -522 
2766 1918 3735 426 3053 3015 2301 754 -70 
2446 1228 549 871 3665 293 993 220 -19 
1809 54 3674 805 382 1259 1868 416 604 
4076 1360 1218 254 1221 190 2070 3118 77 
2584 368 331 3183 3707 2186 447 3382 -814 
1385 1204 3056 42 198 2735 2471 2154 -468 
2988 2896 3200 1179 2836 2280 1624 252 818 
3195 1382 2489 3035 429 524 2250 1987 1228 
3646 3272 3007 210 298 363 3269 3862 586 
