3050 1433 667 1455 940 3654 1176 3433 193 3833 993 3798 686 875 2798 531 210 2057 1629 3940 922 2427 4092 1366 1794 129 126 1509 2457 1830 1673 2120 1830 1808 2187 1103 2661 1917 
3851 3818 1347 1189 834 24 3126 915 1648 3387 2499 3384 1279 3530 2768 3280 2348 2394 2517 1019 954 3246 3398 4059 1948 176 79 2207 1820 2692 2311 2721 2121 3184 1866 2588 1991 2350 
1634 3444 3040 2346 3945 2455 1452 3104 3480 352 3278 1761 1593 1132 2050 430 2343 1758 2548 2136 3364 2870 3916 2409 369 146 109 2881 2168 1962 1843 2585 2232 2374 2682 2383 1770 2287 
3705 2538 1244 651 3982 3622 1067 1979 970 2636 1798 1825 1383 2876 3522 3201 3456 3270 1538 1646 608 803 4044 3987 2588 30 225 2424 2054 2280 2622 2406 2586 1937 2384 2004 2874 2357 
4035 2617 1648 444 3055 2291 3635 2698 148 2713 3823 814 3691 2531 2143 2950 1619 4076 2322 1064 1982 4063 2675 3939 3939 140 115 2359 2297 2600 2406 3319 3016 2549 2957 1876 2582 2596 
2212 3645 935 3604 467 124 1352 2670 1820 4007 2851 941 271 3095 3475 2128 467 1128 2470 207 242 1273 1154 3207 1909 183 72 2172 1994 2126 1280 1557 1511 1535 1231 2839 2013 1825 
1334 2457 442 2870 3925 2581 1836 1883 3572 3235 943 145 1846 214 1850 2375 2104 2257 900 1365 2470 1670 3298 1882 242 47 208 2205 2621 999 1800 1912 1940 1642 1945 1887 2123 1907 
3034 3078 2566 3594 279 2075 1508 2206 59 2380 819 3857 2664 1205 2609 1749 70 2976 737 2667 691 3395 387 3793 3541 235 20 2510 1645 2230 1639 2361 1673 2381 2159 1877 2295 2077 
229 2225 235 3877 3174 3345 2877 2578 2130 3744 2166 3917 3260 3906 3205 2843 1820 2830 301 1210 870 350 1414 848 622 83 172 1948 2934 3290 1800 820 1890 2237 2063 2212 2391 2158 
3472 3397 2863 1143 1067 3214 3367 3261 2766 2824 1109 2337 1808 3701 540 933 2342 1827 3720 506 1315 1171 1907 3060 782 122 133 2388 3086 1899 1865 1647 2008 2522 2333 2878 1143 2177 
597 3791 1156 1495 1360 2396 2017 3997 1266 3675 300 2682 149 495 2046 3367 3645 1336 3750 2520 2960 2205 3984 555 2388 237 18 1679 2670 1134 2923 2418 1924 2868 2124 1512 2397 2164 
2859 1392 196 467 557 120 3467 221 3261 3231 2162 1008 84 2530 378 131 2381 2791 288 974 3387 3840 2451 284 998 97 158 1094 2060 1232 1313 2192 1731 2417 1148 1366 1227 1578 
429 2114 81 2689 1094 3515 1337 3949 1188 3087 2859 2710 3974 3090 3679 3005 481 507 2285 2983 2664 605 1914 1752 1666 110 145 1281 2615 3262 1852 1720 2494 1449 2085 2200 2501 2146 
3842 1024 833 3259 3431 1046 3799 2604 956 3771 2183 281 3269 2460 2040 3910 1226 2054 461 1137 1096 2423 2665 2112 2672 0 255 2477 2435 2046 1757 2193 2415 1750 2285 1849 2610 2181 
3756 1218 376 2432 2256 2088 1623 1647 1158 3566 3989 1723 1209 636 173 808 1275 1255 3 3705 455 2841 432 1161 536 203 52 2007 2016 1546 1409 1085 2219 1736 983 1078 2047 1612 
3414 1658 2129 142 2093 3278 711 4051 1199 1502 3759 2355 2006 3282 3028 562 2482 2846 1419 2149 2067 878 1685 341 3295 160 95 1887 2148 2886 1891 1653 2616 1616 2543 1276 2413 2093 
3345 66 3114 1359 530 776 3669 3503 3439 3603 507 2110 1568 1522 181 3362 2230 347 3392 2812 2612 2483 3005 723 3005 6 249 1682 2998 1177 2428 2365 2120 2111 2307 2087 2026 2130 
1790 642 1272 341 878 1555 1335 1674 1891 2784 4012 1286 2899 124 2282 1634 3663 588 3084 3484 1803 1012 3568 2867 2287 126 129 984 1847 2120 2490 2307 2158 1587 2000 1661 2343 1949 
3693 3805 1648 908 288 1718 1911 745 897 3470 1467 1040 3506 2139 2784 2002 1766 2392 1775 560 1048 2877 1530 3036 3515 187 68 2068 1748 2187 1699 2401 1985 2279 1964 1751 2123 2020 
818 3159 713 3105 2853 2487 3132 2984 3632 3182 2224 1724 2188 282 2055 665 233 1036 752 1742 23 2399 3755 3018 2503 51 204 2129 3083 1694 885 2339 1243 2129 2135 2157 2467 2026 
3504 1563 3845 1068 3793 2747 2325 3339 93 1222 2144 3636 6 1737 1384 1224 3452 13 1397 3520 2883 3681 358 2217 1394 212 43 2754 1945 1781 1921 2106 2500 2931 1512 1302 2262 2101 
566 2571 1146 1791 2040 2079 1844 1830 3056 1996 3508 1939 2406 1916 940 1574 3889 3594 3525 350 2849 342 1921 1910 276 157 98 1622 2161 2141 2586 1459 2115 2117 2179 2439 1120 1993 
3638 3841 3671 2160 1000 955 572 1975 2969 1757 3528 1613 58 2487 42 2915 4015 2551 2409 2493 3574 2640 946 1775 3923 53 202 2862 1645 1545 2876 2571 2922 2536 1840 2360 1843 2299 
391 3337 2430 572 345 146 575 2396 3079 3981 3629 3603 2734 990 129 1011 391 2654 2664 3421 37 1444 1775 3511 3422 126 129 1415 2035 2217 2028 2037 1042 1870 2397 2163 2259 1946 
204 2463 2676 1224 403 2235 3233 2005 1049 3520 3862 3273 3984 3630 113 1316 203 3065 1830 3682 3302 1160 2325 3341 3685 21 234 1394 2408 2972 2019 2762 2183 2066 2811 2214 2280 2311 
2146 143 1405 2385 1140 492 3103 886 1724 1391 728 3919 3219 377 1177 2892 1404 2961 98 700 3404 2614 1142 2011 1635 172 83 1443 1519 1884 1611 2161 1932 2236 1922 1319 1208 1723 
2857 718 3869 2489 3162 834 791 2926 3882 1947 2729 2524 2781 244 2788 1814 1102 3929 1100 1707 1774 2292 3175 4040 1557 219 36 2619 2076 2213 1930 2567 2001 1485 3336 2351 2232 2281 
873 3996 3384 2324 1554 1568 2275 4059 3967 1952 121 3466 2146 3376 3734 1934 1671 3790 3930 61 1365 1892 3026 2647 642 158 97 2426 2764 2568 2277 1914 1172 2660 3281 3248 1588 2389 
1931 449 1039 3413 3507 2224 1793 543 834 3685 244 1148 2232 2229 892 2695 4035 3390 3583 315 3643 2493 3428 495 1942 43 212 2067 1815 1349 2803 2400 2147 1983 2126 2110 2068 2086 
3419 542 238 2158 1554 1922 3565 1875 3662 3541 1694 2469 2957 3187 1720 2059 1086 1388 284 982 514 3541 1643 1142 2447 26 229 1582 2913 2405 1159 1857 1921 2240 1620 2086 2048 1983 
1963 3043 3391 1185 505 3680 3684 2078 280 1814 3828 267 1499 348 3681 3349 1376 928 280 1448 2903 18 2190 1678 492 53 202 2017 2307 1924 1476 1456 3144 1677 2017 754 1588 1836 
2331 314 2340 1914 2748 3583 3032 2574 579 2672 1427 1869 3594 279 2175 172 2736 2712 2925 2928 583 2863 3585 1261 2067 209 46 1929 2488 1868 2294 2071 1619 2162 2961 1391 2518 2130 
1998 985 3114 2667 1595 2039 2805 2392 3045 3175 3833 3437 1650 1236 735 1594 3973 2089 367 448 480 881 2030 3382 3707 50 205 2071 2691 2178 1694 2096 1988 2416 2255 2139 1932 2146 
3589 4085 3779 56 2033 4094 2093 2311 1532 1265 3539 3577 1767 3778 3894 151 288 1383 2238 4021 2230 4044 2951 1941 2103 150 105 2708 2259 3311 1616 2653 2720 2817 2438 1909 2663 2509 
4065 3410 2260 2798 2274 1867 2976 873 2492 522 1745 2169 2407 899 693 873 3395 585 1664 4 791 2096 214 2579 1712 129 126 2961 1746 1582 1304 1478 1868 2809 1267 2086 1041 1814 
2000 3899 995 1555 996 655 3996 3416 3704 2340 2731 127 3332 2786 4020 73 2022 2576 1551 3479 490 3533 9 2588 1161 140 115 1889 2822 2599 1940 1556 1189 2715 2065 2436 2399 2161 
2795 3322 580 597 3815 1467 346 1793 3707 3207 4041 2175 1435 2622 2808 344 3279 1959 667 1909 1025 3025 2405 2317 1066 175 80 2221 2104 2616 1631 1967 1934 2429 1634 1982 2561 2107 
2331 3254 3739 2458 487 1019 3791 2719 348 1557 1308 732 1594 3777 3329 3730 2119 3030 219 1000 3625 2568 3348 2158 3622 189 66 2453 1886 2148 2019 3064 2402 2492 2886 1792 1999 2314 
2918 204 1572 372 1289 1549 2806 1066 2311 2976 1019 2540 3593 767 2112 1035 3058 3301 2177 3238 3142 4002 1888 1454 837 239 16 1271 2141 2006 2561 2264 1932 2522 2284 1416 2090 2048 
2777 375 317 4085 2852 215 3720 3483 2119 265 3281 2088 592 4056 3062 2779 2518 1517 928 1722 3874 1294 2549 1630 3322 182 73 2081 1960 2615 1892 2533 2585 1999 1691 2563 2244 2216 
1554 404 4020 3659 3676 1307 3008 2034 1908 1182 4038 2610 92 2297 1102 2941 302 220 2025 2433 1692 493 577 278 1949 152 103 2662 1887 2027 1584 997 2306 1363 1388 2033 2068 1831 
1508 840 834 2244 1869 2685 1798 2129 2321 196 3842 112 220 2786 3023 2541 3588 3531 1521 156 1158 2498 1814 320 3908 158 97 1459 1825 1996 2267 1939 2346 1767 1705 1838 1830 1897 
3040 3108 2445 1847 3387 3839 4068 1763 2621 1262 2102 1461 2992 541 1648 987 3083 1070 1854 3621 1065 451 388 2671 2869 237 18 2765 2710 1748 2123 1488 2206 2434 1731 1906 2557 2166 
990 1534 3836 2005 134 3112 1789 3522 1105 1359 1191 1246 1627 4053 3066 1136 1191 1963 752 2639 25 993 2314 3528 693 151 104 1699 2177 2236 1536 1510 1290 1350 2652 2288 1578 1831 
3899 3667 3087 87 2985 2225 1976 540 3457 830 1030 1813 1458 1180 886 2369 1277 1621 1025 3998 3749 227 3626 2000 2429 15 240 2745 1805 1273 2058 2406 2654 1792 2066 1549 2225 2057 
1247 2915 2475 3577 2509 3963 3553 2115 464 1232 3669 484 31 1452 3268 778 160 2821 991 3258 7 2450 3874 2295 3199 123 132 2544 2265 1780 1601 2365 1932 1912 2263 1755 2693 2111 
1438 465 765 2093 712 222 3738 1012 114 2562 2902 1972 222 4056 2355 4066 3488 2494 2051 3075 665 3317 3183 1360 629 94 161 1094 1529 2301 3034 1830 1858 2596 1535 1934 1866 1957 
1461 25 2960 2441 142 589 3284 2736 3311 1847 3483 2037 732 4032 56 1384 2202 2254 3628 1940 1127 3566 3931 876 3895 122 133 1405 2353 2068 2281 2679 1608 2222 2522 2857 1576 2157 
1019 1855 3878 1599 848 1582 1558 2089 3024 1324 1767 3791 3243 3999 454 3402 3034 1852 2143 1536 3377 3021 3477 1761 1351 205 50 1839 1915 2650 2393 2597 2229 2651 2907 2505 1102 2278 
1401 492 3538 1221 2187 3346 2561 813 2033 2352 2177 1420 2754 3644 1690 2134 1370 3693 2053 60 3171 2353 816 1134 2878 146 109 1767 2221 2337 1862 2070 2445 1639 2322 2017 1833 2051 
2075 833 3174 836 1173 1561 3332 677 3142 2814 266 1611 3736 287 578 1468 219 1307 3890 2097 959 1536 1350 648 2954 36 219 1618 2305 1295 1796 1489 1265 1506 2048 1760 1923 1700 
3804 2133 3251 3153 2034 2998 897 1921 3397 3543 3071 3450 1268 2891 279 1668 2715 2816 2438 3966 981 3342 4041 3083 404 160 95 2875 2551 2191 2720 2370 2504 2507 2659 2992 2045 2541 
2240 3206 3569 1321 3404 1650 2320 2079 3997 3777 438 3322 3230 1139 1339 2965 2362 1937 298 3293 2513 3866 3394 3076 2204 170 85 2748 2764 1893 2171 3010 1961 3015 2841 1966 2803 2517 
1897 962 2661 1560 1918 3361 1633 2883 2599 2061 3898 1098 3818 1487 3729 312 3409 2816 1669 845 2902 4076 2327 1510 1387 46 209 1799 2507 2806 1810 2440 2474 2235 2901 1765 1988 2272 
2351 250 3145 2706 1221 1994 1805 955 1449 649 1074 345 2405 1422 1480 2373 2306 1879 1039 3037 3597 2208 3526 3901 2891 227 28 1934 1370 1345 2126 3224 2277 1382 2382 2103 1855 1999 
2870 2445 4018 1301 683 25 1219 3530 4031 3698 1533 512 343 2245 430 3692 1590 1383 3068 3051 1304 3348 967 3447 2987 249 6 2263 2500 1012 2556 2410 1884 1822 2048 2818 2169 2148 
2938 3521 273 853 419 546 2775 2218 2490 3928 1826 3300 1153 1336 626 2083 2175 1969 3607 625 2172 3914 2805 546 637 171 84 1600 2391 1648 2091 2014 1913 3137 1683 1766 1247 1948 
367 2919 1249 2536 3013 1861 1935 3234 2520 1684 2739 2902 968 502 3395 3404 3923 959 507 3829 3236 2071 1903 1165 1634 214 41 2016 2246 2101 2524 2001 2321 2750 1662 1446 2711 2177 
214 908 393 3666 1737 2339 3846 246 2802 2006 3062 1975 3356 2690 2389 1311 2211 3159 4056 341 2019 905 801 138 2703 253 2 1383 2247 2694 2215 1313 1789 1969 1591 2670 1835 1970 
214 875 1076 892 3192 2280 2644 988 3516 3910 2916 1559 2551 3526 3766 1998 425 2141 1163 1576 2529 1546 1692 2520 666 73 182 1249 2667 2863 1460 1790 1987 1409 1689 2323 2622 2005 
3263 2386 3314 1970 810 466 2400 2493 931 2480 650 3791 1965 199 3373 1457 2355 1099 693 3319 3472 41 1057 1058 3285 213 42 2348 1754 1995 1784 1782 1861 2194 1985 970 2653 1932 
2900 383 810 2484 3075 3519 2664 2075 2926 1169 3199 881 3893 1644 3263 835 999 1616 3516 585 4068 1391 2393 3769 2066 152 103 1930 2470 2576 1510 2737 2904 1263 2157 2867 2031 2244 
2501 229 3928 1575 1642 2882 566 3072 2049 4074 1570 3534 4017 2335 1069 2984 1727 956 3999 2725 3633 1684 394 2018 3949 200 55 1975 2528 2505 2478 2335 2714 1548 2473 2395 2691 2364 
2748 1656 347 1175 3938 1225 1233 2384 1482 3905 2175 3893 627 2968 844 6 1886 299 3515 3146 3619 1178 2377 1425 2521 112 143 1972 2045 2101 1770 2224 1954 1969 1206 2113 2870 2022 
3763 1030 2121 3526 3959 2467 151 1006 860 2535 2875 1933 1218 1634 677 3045 2642 2664 3636 3383 1577 1142 3650 1050 2685 71 184 2879 1403 1667 3074 2020 2745 1379 2131 2141 2647 2208 
2238 2594 1934 3586 163 1029 4038 651 2601 4048 164 848 3321 398 2810 956 3100 1951 3720 1543 1479 3630 476 143 2065 244 11 2103 2473 1508 2254 1558 1173 2842 1666 2089 2125 1979 
3127 2384 926 3411 2833 200 1389 1478 3704 3605 2973 699 1329 2963 3786 2872 1635 342 1568 333 1879 3766 2099 1220 1977 114 141 2536 2075 2350 1350 2188 2210 1974 1234 2573 2506 2099 
525 2226 2786 2765 3257 1036 1288 1707 2461 2017 3620 1564 2633 1418 1452 804 3241 877 1492 3174 497 3436 2528 702 970 164 91 2311 1701 2137 1917 1626 1296 2351 2106 1767 2174 1938 
3460 3527 2237 695 4025 3344 1900 2607 732 2906 3465 2336 2338 997 718 1516 2847 3797 3079 3515 1569 3935 3537 815 3724 184 71 2788 2297 1970 2950 2716 2670 2909 2903 1263 2977 2544 
3938 2246 2552 2466 2698 2337 677 108 1482 2765 2305 2022 1305 553 3049 723 2191 2183 3742 3449 2104 814 1338 2623 2116 45 210 2780 1473 1846 2457 1799 2281 1590 1497 2173 2815 2071 
622 3958 1742 2512 1194 1559 3302 1656 4046 771 3362 910 1639 900 94 702 4094 458 1450 1840 1351 261 1738 1090 998 179 76 2005 2266 1381 1708 1087 1519 2505 1446 1999 979 1689 
3557 487 2487 2867 928 2165 3794 290 1621 2879 3743 2431 3787 348 3088 3988 3618 2629 878 2241 2397 1738 428 1019 2267 114 141 2065 2149 2679 2670 1569 3170 2413 1924 1346 2280 2226 
2582 2338 2949 3552 2678 4035 1374 2780 2291 2693 2597 3919 871 1903 659 2459 1801 334 1762 1771 3723 2463 1124 3169 2068 115 140 2819 2634 1989 1625 2509 3079 2379 1611 2535 1973 2315 
1537 2914 3698 90 2831 1967 1969 893 3310 875 1402 2986 3576 734 1221 3182 3839 339 677 3146 1572 2118 1906 744 2052 180 75 2214 1802 1983 2236 1678 1932 2765 2082 1111 2025 1982 
3724 3374 3138 2034 2987 237 516 3077 3311 3521 1788 1229 569 2592 2567 2343 9 1430 2819 740 2314 3895 620 2619 2348 174 81 3051 2132 1749 1468 2359 2081 1804 1766 2675 2432 2151 
670 1946 609 681 3921 3710 3298 2695 613 105 317 2174 2596 830 3977 1386 931 939 3911 1219 2378 2905 746 65 2150 190 65 1565 2084 1978 1677 1648 1692 2250 1517 1220 2274 1790 
3531 3996 292 2222 3056 3671 442 2003 3527 481 774 733 3480 3723 2084 2706 3057 4083 3462 691 3854 203 18 3599 3403 174 81 2619 2024 2158 2799 2215 2907 1686 1975 3306 1943 2363 
3800 1112 3867 3495 3394 694 3554 713 1630 879 3619 3036 1002 473 3239 1588 1834 2625 329 2681 1567 2906 3311 1476 107 124 131 3133 1494 2273 1811 1873 2253 2488 2303 1480 2060 2116 
3218 3111 2139 3869 1814 3778 3791 1627 2008 217 2016 3410 1962 1793 360 3415 1062 4070 3164 3268 538 872 2475 3047 2685 102 153 2830 2284 1908 2995 1923 2593 2449 2454 2776 1668 2388 
132 3321 1544 3822 851 2281 568 687 3979 162 2948 3611 2212 1478 1922 452 3782 416 2638 615 887 52 161 278 4059 37 218 1934 1535 2434 1580 1087 1340 2266 1004 2439 1521 1714 
1749 2889 3377 2629 427 3912 21 3142 431 1924 2966 3204 4083 1098 897 2379 3795 932 3128 3778 2212 34 3766 3299 1312 99 156 2214 1886 2449 2802 2124 2643 1988 3060 2117 1667 2295 
3512 130 3244 1987 141 1064 2630 596 3433 2002 3596 2321 2003 578 3978 771 1541 53 2998 460 3109 870 764 2830 3043 138 117 1802 1945 2495 1164 2123 2410 1498 1332 2365 1924 1905 
2615 312 4004 1459 3267 2433 1190 383 1947 2419 2042 2299 2710 2748 3735 2325 2594 2468 3930 414 1747 3812 1940 365 1201 15 240 2331 1674 2706 2346 1813 2232 2041 2301 2089 2207 2174 
211 1357 3708 1568 791 2064 1856 3953 4059 2823 3146 3020 2573 1175 207 1159 2088 541 2892 755 923 1566 2532 2192 187 81 174 1527 2951 2024 1487 1480 1500 1977 2661 2377 952 1893 
3624 2343 854 1530 3249 3439 3888 2727 681 1527 484 1050 3986 947 3407 1681 4053 2550 214 3087 492 1432 260 3693 2547 228 27 2320 2452 1974 2317 1684 1944 2553 2075 1413 2763 2149 
1614 1886 1899 2358 116 1471 2643 2415 3449 3099 364 2103 766 2046 3260 1399 3335 2503 1798 1202 2247 398 213 610 472 106 149 1574 2615 1707 2047 788 1419 2073 1559 2052 1629 1746 
1536 3862 3676 2666 2674 3394 462 2036 547 1562 3447 2655 3158 2615 1229 2724 1969 247 1576 1393 3932 272 1075 3136 3763 197 58 2882 1600 2620 1581 2435 3006 1844 2038 2108 2124 2223 
1868 3613 2534 2659 225 1812 81 1855 1403 403 1860 1400 42 2020 2661 3871 3137 2453 2874 3129 897 1404 2463 3636 4046 61 194 2179 1110 1596 3092 2489 2061 1927 1869 2518 2092 2093 
513 1196 3076 3573 3701 1493 547 1717 2462 3788 2769 2755 1 1315 2069 1539 830 612 1164 2570 3536 3557 1121 1783 2945 62 193 2411 2001 1781 1343 2588 1970 1777 1305 2059 3014 2024 
98 93 1490 3211 2762 2354 266 620 1993 3420 191 3784 613 1903 2688 1730 2187 1437 537 4029 1915 1502 1376 3630 4012 159 96 1530 1730 1835 1984 2487 1257 1566 1107 2254 3382 1913 
1024 782 2091 2614 3490 2558 508 1577 1836 1913 2982 11 1272 1000 3975 2040 626 15 3290 3445 3480 2187 3338 3374 322 244 11 2000 1678 1848 1883 2540 2416 822 1658 2422 2629 1989 
973 3952 680 282 3973 3348 3134 1335 683 4089 1662 2353 1214 3880 4044 1910 3751 2286 3321 615 3897 2029 276 2909 3925 189 66 1972 2517 2630 2376 2607 2358 3043 1158 2215 3329 2420 
2172 10 1078 3631 979 303 2622 421 1722 120 1277 3289 1981 1162 2876 3666 1004 1715 197 31 3418 263 1561 897 2502 181 74 1574 1037 2117 1322 1728 2167 1437 1351 1521 1301 1555 
1671 2193 3123 1314 1772 1019 675 3305 2177 3703 2672 3618 2592 3576 2581 1312 2729 2909 223 4026 425 3472 2820 2049 2396 247 8 2014 2175 3007 2239 2232 1419 2537 2949 1867 2895 2333 
3442 3943 3607 1959 3877 1920 2187 16 1313 406 2233 1964 2095 2463 2093 733 3250 2778 3739 451 2598 380 2317 2795 2233 38 217 3365 1168 2169 2190 2064 2185 2344 2162 2453 1812 2191 
2821 1257 67 2631 1509 604 250 470 2117 32 3184 899 51 1005 2468 1634 339 885 793 1961 3679 3892 47 372 1262 156 99 1657 694 1521 1122 1850 2384 1327 304 1383 1446 1368 
3049 1397 504 739 317 3437 3436 2375 2778 3688 1075 4023 1345 228 3467 2106 2565 1098 139 1620 1830 742 2253 1173 693 107 148 1201 3142 2027 1505 1338 2299 2432 1515 1011 1957 1842 
1763 3735 860 884 2723 1704 3896 536 322 3244 2984 1417 2132 3821 1366 1665 1189 3708 2469 2836 3898 3631 1648 1546 835 193 62 1993 1940 2344 2373 2311 2402 2773 1776 1808 2200 2192 
3926 3808 626 2009 3673 2915 2168 1661 3300 2769 683 2565 1280 1337 3392 1813 2788 2842 2252 451 2592 3780 3647 1592 1143 174 81 2808 2562 1851 2029 2550 2385 3021 2011 2098 2285 2360 
3143 1073 3387 1349 137 885 2333 1061 2701 1663 139 1472 188 53 2933 1788 110 1009 2940 3773 3836 2049 2706 1602 4030 32 223 1817 1728 957 1924 2844 1958 1407 1670 1729 2507 1854 
