1868 254 2584 2186 3056 416 1221 368 447 42 4076 190 331 3382 198 1360 2070 3183 1385 2735 1218 3118 3707 1204 2471 53 202 
2154 2836 1382 2250 210 2988 2280 2489 1987 298 2896 1624 3035 3646 363 3200 252 429 3272 3269 1179 3195 524 3007 3862 216 39 
2800 2624 3030 353 3232 541 1346 962 1501 1506 2960 2677 3010 1512 844 452 3068 3975 2805 355 481 2388 3550 2449 3161 122 133 
842 1984 972 460 1771 1590 622 2174 3212 2845 2260 3202 375 1194 3104 938 412 1660 2471 1772 2629 1204 429 3949 2684 64 191 
449 1997 2757 1293 378 3824 3149 1759 3164 32 768 1622 1850 2852 1733 1090 1118 2497 513 2685 3267 152 243 533 2960 54 201 
2175 404 1296 2276 2894 446 582 891 755 2284 2587 689 1028 868 1283 518 804 3657 317 681 550 1300 2880 3742 2549 251 4 
4046 2801 632 1436 2447 698 1648 1562 2807 1373 1056 4025 660 1205 1225 1625 1647 3104 2173 1853 303 2542 3567 3409 1731 123 132 
1473 511 3919 3109 1897 2286 100 3832 3033 869 3041 1188 1875 3045 403 1738 1300 985 434 3373 1758 2677 3128 2791 717 197 58 
670 629 3314 2238 84 2727 3904 3066 1633 3782 3663 2215 492 1700 2677 2115 2784 2150 740 3819 2878 150 1334 1046 670 94 161 
3772 3079 2929 1300 2603 3254 936 2629 3336 3894 2364 263 1716 3231 1818 1802 3142 1600 3490 246 1055 2749 3342 2071 3549 127 128 
