325 100 300 0 255 
362 100 300 0 255 
50 100 300 255 0 
365 100 300 0 255 
252 100 300 61 194 
39 100 300 255 0 
111 100 300 241 14 
218 100 300 105 150 
383 100 300 0 255 
385 100 300 0 255 
63 100 300 255 0 
388 100 300 0 255 
382 100 300 0 255 
194 100 300 135 120 
320 100 300 0 255 
56 100 300 255 0 
168 100 300 168 87 
366 100 300 0 255 
316 100 300 0 255 
383 100 300 0 255 
262 100 300 48 207 
14 100 300 255 0 
339 100 300 0 255 
373 100 300 0 255 
271 100 300 37 218 
303 100 300 0 255 
297 100 300 4 251 
156 100 300 184 71 
262 100 300 48 207 
68 100 300 255 0 
282 100 300 23 232 
12 100 300 255 0 
110 100 300 242 13 
18 100 300 255 0 
38 100 300 255 0 
329 100 300 0 255 
277 100 300 29 226 
126 100 300 222 33 
380 100 300 0 255 
13 100 300 255 0 
175 100 300 159 96 
152 100 300 189 66 
306 100 300 0 255 
318 100 300 0 255 
74 100 300 255 0 
195 100 300 134 121 
178 100 300 156 99 
258 100 300 54 201 
283 100 300 22 233 
301 100 300 0 255 
110 100 300 242 13 
271 100 300 37 218 
262 100 300 48 207 
65 100 300 255 0 
47 100 300 255 0 
199 100 300 129 126 
383 100 300 0 255 
136 100 300 209 46 
234 100 300 84 171 
89 100 300 255 0 
300 100 300 0 255 
102 100 300 252 3 
202 100 300 125 130 
279 100 300 27 228 
356 100 300 0 255 
383 100 300 0 255 
218 100 300 105 150 
55 100 300 255 0 
59 100 300 255 0 
103 100 300 251 4 
336 100 300 0 255 
101 100 300 254 1 
325 100 300 0 255 
97 100 300 255 0 
371 100 300 0 255 
139 100 300 205 50 
78 100 300 255 0 
100 100 300 255 0 
246 100 300 69 186 
189 100 300 142 113 
140 100 300 204 51 
332 100 300 0 255 
234 100 300 84 171 
219 100 300 103 152 
366 100 300 0 255 
114 100 300 237 18 
302 100 300 0 255 
301 100 300 0 255 
152 100 300 189 66 
227 100 300 93 162 
30 100 300 255 0 
21 100 300 255 0 
212 100 300 112 143 
311 100 300 0 255 
373 100 300 0 255 
51 100 300 255 0 
227 100 300 93 162 
187 100 300 144 111 
4 100 300 255 0 
134 100 300 212 43 
