161 24 -1815 383 179 383 
244 246 -2805 3854 179 510 
244 123 2459 -2933 179 -2933 
107 233 2393 3763 179 2393 
167 9 2859 3554 179 3554 
173 193 1991 -883 179 632 
167 43 1687 -3835 179 -3835 
70 11 -3300 2649 179 2649 
177 80 3687 -3813 179 -3813 
111 97 2174 2417 179 2303 
47 124 -446 1198 179 -446 
180 192 -1835 1471 179 -235 
167 41 -3121 -14 179 -14 
244 86 698 -2262 179 -2262 
191 65 48 1630 179 1630 
227 244 386 -2960 179 -1226 
38 65 2790 -2013 179 2790 
207 62 3515 -1229 179 -1229 
50 64 950 -219 179 437 
89 211 698 407 179 698 
233 72 2106 2078 179 2078 
97 144 -3474 -3654 179 -3474 
135 198 3554 -3032 179 3554 
145 119 -3998 -1334 179 -2534 
41 202 -1547 233 179 -1547 
42 153 -1942 1261 179 -1942 
175 190 -406 -3409 179 -1845 
58 232 -2848 2668 179 -2848 
137 254 -3455 -470 179 -3455 
27 245 -4058 2251 179 -4058 
208 221 -3404 -821 179 -2151 
66 204 -562 3363 179 -562 
46 67 -2904 -2981 179 -2904 
221 147 408 -2908 179 -2908 
217 158 -1221 108 179 -451 
102 19 -2131 -3086 179 -3086 
46 61 -678 -3689 179 -1972 
230 240 -75 -89 179 -81 
86 229 -1071 -3185 179 -1071 
198 99 -2116 -787 179 -787 
24 33 3620 3735 179 3668 
146 15 -2173 -1203 179 -1203 
209 3 -3743 -2711 179 -2711 
165 186 1210 -402 179 452 
139 75 2004 -2548 179 -2548 
175 46 -1078 1028 179 1028 
198 20 3516 2258 179 2258 
124 111 -436 -1586 179 -1042 
129 130 2601 2414 179 2507 
164 96 2551 268 179 268 
89 239 3078 410 179 3078 
158 149 -2394 -1628 179 -1999 
120 58 2819 -2500 179 -2500 
57 43 -2231 -527 179 -1259 
79 235 -572 -2582 179 -572 
230 249 -501 -3185 179 -1789 
65 104 777 -1948 179 777 
153 181 -2279 -3134 179 -2670 
75 81 -622 64 179 -292 
21 66 2465 -3856 179 2465 
236 186 -94 643 179 318 
60 117 3792 383 179 3792 
132 59 -91 1016 179 1016 
173 100 -1086 3996 179 3996 
9 225 3384 2425 179 3384 
25 66 -1349 1471 179 -1349 
34 183 -3221 1259 179 -3221 
126 198 1761 3306 179 1761 
227 85 1627 -2475 179 -2475 
7 189 0 -165 179 0 
230 155 963 2943 179 2943 
205 147 -2597 -2130 179 -2325 
226 7 -83 -2720 179 -2720 
249 181 3 -237 179 -135 
15 173 -3748 -3510 179 -3748 
133 24 2605 2600 179 2600 
184 38 1307 152 179 152 
248 165 2459 -379 179 -379 
110 210 -3412 -3005 179 -3412 
44 99 2714 2484 179 2714 
15 101 220 -682 179 220 
167 160 -1704 -560 179 -1119 
3 250 -2726 -3226 179 -2726 
94 50 -85 -1315 179 -1315 
242 234 -3664 1948 179 -810 
68 107 392 3626 179 392 
106 250 -1627 1646 179 -1627 
169 137 1622 1363 179 1478 
45 32 4087 -2694 179 124 
8 143 3127 1385 179 3127 
48 94 -322 3944 179 -322 
39 218 1185 -1014 179 1185 
48 109 -148 -3108 179 -148 
150 57 -945 679 179 679 
64 74 958 -1923 179 -378 
210 250 1885 -1279 179 440 
148 27 3327 3109 179 3109 
208 66 772 -3911 179 -3911 
108 79 -2773 -2631 179 -2690 
107 24 806 -239 179 -239 
