594 72 382 34 415 673 588 998 451 482 318 164 173 81 198 57 145 5 100 300 77 179 318 318 315 
524 416 224 235 448 941 326 290 372 353 674 321 0 255 127 128 207 59 100 300 77 179 510 674 671 
22 308 304 844 139 833 880 565 18 496 611 115 235 19 129 126 181 177 100 300 77 179 552 554 547 
914 717 958 11 838 35 528 668 771 691 70 621 0 255 71 184 153 226 100 300 77 179 516 691 688 
658 804 502 412 897 724 845 10 97 667 680 13 255 0 138 117 218 67 100 300 77 179 671 680 668 
793 652 741 915 785 211 44 157 734 415 758 343 0 255 32 223 56 115 100 300 77 179 415 415 413 
475 91 518 78 170 764 342 312 837 -41 292 333 0 255 250 5 247 147 100 300 77 179 292 292 290 
238 298 689 586 204 980 343 153 335 185 628 443 0 255 28 227 196 202 100 300 77 179 185 403 401 
600 81 197 793 361 858 136 714 194 379 922 543 0 255 101 154 86 235 100 300 77 179 591 379 377 
857 644 885 221 66 693 547 529 261 340 132 208 117 137 217 38 209 4 100 300 77 179 132 132 130 
485 965 469 869 547 444 24 515 896 667 806 139 205 49 231 24 72 33 100 300 77 179 806 806 799 
0 325 542 848 689 934 773 172 986 346 907 561 0 255 88 167 152 186 100 300 77 179 537 598 595 
890 341 473 170 477 466 130 654 917 284 406 122 226 28 108 147 44 75 100 300 77 179 334 284 325 
60 61 27 563 576 311 771 686 961 406 526 120 229 25 123 132 132 201 100 300 77 179 462 406 452 
584 784 941 215 622 476 630 207 693 487 264 223 98 156 4 251 57 233 100 300 77 179 487 487 483 
786 545 69 204 12 988 851 455 1013 56 373 317 0 255 202 53 124 33 100 300 77 179 373 373 371 
217 850 331 755 163 748 54 730 124 786 737 49 255 0 250 5 151 68 100 300 77 179 737 737 734 
441 951 519 65 674 459 150 793 543 963 432 531 0 255 22 233 229 221 100 300 77 179 963 692 689 
57 654 909 355 682 464 457 17 881 442 409 33 255 0 239 16 122 145 100 300 77 179 409 426 407 
1015 413 224 886 704 175 9 172 211 339 824 485 0 255 229 26 180 33 100 300 77 179 824 824 820 
434 676 329 611 215 193 213 729 258 637 373 264 45 209 68 187 122 56 100 300 77 179 564 373 403 
362 652 766 503 631 326 309 145 863 408 461 53 255 0 73 182 231 28 100 300 77 179 421 461 419 
627 290 519 551 53 447 223 939 707 308 340 32 255 0 29 226 91 78 100 300 77 179 308 325 306 
309 574 814 480 809 428 756 365 971 554 466 88 255 0 191 64 4 192 100 300 77 179 486 554 484 
932 355 72 874 96 562 936 534 53 246 514 268 40 214 112 143 176 66 100 300 77 179 362 514 486 
916 470 237 200 869 758 677 109 855 281 685 404 0 255 116 139 165 230 100 300 77 179 462 449 447 
113 617 16 93 926 560 659 241 634 705 621 84 255 0 20 235 164 44 100 300 77 179 705 621 702 
633 992 684 339 468 25 535 1011 740 892 111 781 0 255 101 154 150 146 100 300 77 179 580 496 494 
519 148 297 512 145 415 606 827 481 310 310 0 255 0 171 84 193 46 100 300 77 179 308 310 306 
633 787 430 449 500 221 852 513 105 715 264 451 0 255 92 163 209 31 100 300 77 179 550 264 262 
664 753 727 107 980 433 572 101 494 627 435 192 137 117 39 216 78 33 100 300 77 179 627 435 534 
351 678 528 814 589 68 254 929 909 783 540 243 72 182 252 3 82 251 100 300 77 179 540 783 708 
627 667 615 816 624 385 178 61 155 481 715 234 84 170 97 158 3 246 100 300 77 179 567 481 505 
325 977 29 406 284 370 798 455 58 762 324 438 0 255 12 243 135 195 100 300 77 179 762 762 759 
628 953 799 772 333 533 660 522 677 577 454 123 225 29 58 197 250 21 100 300 77 179 577 454 558 
422 1007 496 625 11 786 758 222 406 413 397 16 255 0 66 189 20 56 100 300 77 179 407 413 405 
496 527 858 422 411 974 342 136 711 235 604 369 0 255 235 20 124 128 100 300 77 179 604 416 414 
4 192 797 624 810 857 703 83 824 335 771 436 0 255 34 221 145 146 100 300 77 179 335 552 549 
16 956 628 683 431 718 481 418 1011 646 638 8 255 0 123 132 29 218 100 300 77 179 639 646 636 
349 323 386 889 543 25 254 740 442 605 568 37 255 0 66 189 48 54 100 300 77 179 593 587 590 
506 33 381 364 281 270 761 134 821 -108 172 280 25 229 77 178 87 168 100 300 77 179 -24 -108 0 
39 789 705 948 63 703 742 865 566 707 495 212 112 142 214 41 12 193 100 300 77 179 495 707 608 
691 894 338 530 464 183 866 47 535 397 288 109 243 11 59 196 230 138 100 300 77 179 370 288 363 
100 876 43 145 222 795 365 25 852 323 479 156 183 71 92 163 201 224 100 300 77 179 377 396 379 
692 557 919 101 93 35 331 169 1021 -20 -198 178 155 99 105 150 192 176 100 300 77 179 -93 -112 0 
788 933 317 209 74 600 554 658 611 483 224 259 52 202 114 141 41 195 100 300 77 179 365 483 455 
1005 146 846 901 72 488 755 750 835 25 331 306 0 255 136 119 143 88 100 300 77 179 187 331 329 
563 21 753 853 855 33 933 97 870 128 448 320 0 255 133 122 4 32 100 300 77 179 293 128 127 
606 738 37 180 237 731 788 602 893 414 367 47 255 0 115 140 250 66 100 300 77 179 391 367 389 
706 610 285 285 699 829 77 377 824 460 815 355 0 255 244 11 253 108 100 300 77 179 815 815 811 
443 346 465 787 773 1015 207 384 724 460 1119 659 0 255 41 214 82 206 100 300 77 179 460 460 458 
223 335 472 360 75 516 280 580 28 432 287 145 197 57 156 99 108 164 100 300 77 179 341 432 358 
313 297 440 562 125 133 234 109 95 163 241 78 255 0 48 207 174 138 100 300 77 179 163 206 162 
533 963 652 735 434 254 957 820 779 781 309 472 0 255 15 240 231 167 100 300 77 179 781 507 505 
969 557 312 90 431 375 872 1006 55 741 151 590 0 255 91 164 254 105 100 300 77 179 528 151 150 
389 106 603 149 385 957 716 248 759 83 415 332 0 255 83 172 94 125 100 300 77 179 190 225 224 
205 294 299 439 489 953 855 296 980 243 652 409 0 255 184 71 220 133 100 300 77 179 536 652 649 
53 982 687 66 1001 301 971 177 0 1066 270 796 0 255 224 31 216 85 100 300 77 179 270 270 268 
100 642 409 949 900 633 914 213 264 786 910 124 224 30 1 254 23 151 100 300 77 179 786 786 779 
306 793 657 183 289 138 576 147 875 319 -4 323 0 255 7 248 216 59 100 300 77 179 319 -4 0 
772 57 723 188 1017 528 550 277 386 385 549 164 173 81 130 125 131 119 100 300 77 179 466 470 463 
157 220 660 620 186 887 539 996 292 589 547 42 255 0 242 13 154 198 100 300 77 179 547 570 544 
64 604 920 521 545 816 670 473 570 652 543 109 243 11 189 66 131 30 100 300 77 179 568 543 562 
274 946 602 551 958 261 932 569 755 980 501 479 0 255 174 81 35 248 100 300 77 179 650 980 976 
434 77 110 994 583 494 659 223 710 155 844 689 0 255 62 193 161 244 100 300 77 179 321 155 154 
743 991 779 537 457 653 314 453 680 594 550 44 255 0 209 46 81 167 100 300 77 179 550 594 547 
517 161 312 107 890 694 845 967 645 718 556 162 175 79 130 125 141 251 100 300 77 179 632 718 653 
641 871 501 20 249 562 103 485 178 597 265 332 0 255 82 173 28 109 100 300 77 179 488 597 594 
735 785 948 774 340 900 537 273 172 472 636 164 173 81 11 244 43 236 100 300 77 179 472 472 468 
111 853 155 875 612 202 815 805 97 1083 603 480 0 255 43 212 153 82 100 300 77 179 1083 603 600 
273 807 630 702 713 953 122 620 501 876 996 120 229 25 135 120 56 190 100 300 77 179 935 876 921 
264 203 891 27 37 448 67 1001 643 393 17 376 0 255 167 88 83 121 100 300 77 179 146 393 391 
16 204 878 69 317 845 625 935 904 497 239 258 53 201 62 193 244 115 100 300 77 179 432 239 277 
908 475 598 11 745 424 121 609 4 685 410 275 31 223 239 16 176 69 100 300 77 179 410 410 406 
771 673 290 547 61 693 944 477 377 318 341 23 255 0 233 22 2 236 100 300 77 179 341 318 339 
709 840 877 113 721 564 532 320 165 722 346 376 0 255 81 174 171 133 100 300 77 179 600 510 508 
621 777 167 505 782 307 858 695 336 887 541 346 0 255 137 118 213 61 100 300 77 179 698 541 538 
19 621 551 231 941 957 499 713 528 1000 802 198 130 124 72 183 2 74 100 300 77 179 940 1000 961 
681 158 230 897 619 661 70 223 797 130 1013 883 0 255 160 95 18 167 100 300 77 179 681 130 129 
531 969 21 745 407 703 74 775 51 930 903 27 255 0 163 92 127 135 100 300 77 179 909 916 905 
755 280 243 777 982 170 387 99 956 253 808 555 0 255 204 51 186 202 100 300 77 179 808 519 516 
586 370 165 906 922 776 370 507 673 585 1169 584 0 255 73 182 36 78 100 300 77 179 749 585 582 
355 142 221 568 52 426 727 899 615 305 287 18 255 0 118 137 207 82 100 300 77 179 295 287 293 
385 141 668 26 239 1001 964 1003 68 577 224 353 0 255 49 206 107 136 100 300 77 179 577 421 419 
473 640 514 809 726 582 160 639 947 648 890 242 73 181 250 5 184 47 100 300 77 179 890 890 883 
879 132 760 48 664 60 940 175 90 244 -39 283 21 233 77 178 171 52 100 300 77 179 157 -39 0 
997 40 503 655 414 58 644 219 644 -74 277 351 0 255 100 155 203 224 100 300 77 179 63 92 91 
798 718 430 658 80 389 447 416 280 338 345 7 255 0 58 197 188 224 100 300 77 179 338 341 336 
790 36 567 601 251 407 825 308 500 -25 281 306 0 255 199 56 114 212 100 300 77 179 281 -25 0 
692 88 1003 579 212 97 63 26 341 -95 178 273 34 220 141 114 215 159 100 300 77 179 55 61 59 
613 215 259 666 336 535 127 463 1015 100 673 573 0 255 101 154 15 74 100 300 77 179 325 100 99 
564 757 325 505 643 770 709 140 927 397 700 303 0 255 96 159 135 252 100 300 77 179 509 397 395 
980 836 433 836 454 389 723 244 179 478 551 73 255 0 60 195 72 10 100 300 77 179 493 551 491 
564 964 805 246 711 15 786 339 329 783 88 695 0 255 195 60 97 55 100 300 77 179 250 88 87 
576 225 166 408 20 433 3 45 193 -48 389 437 0 255 51 204 153 59 100 300 77 179 -48 389 387 
579 563 345 1012 151 870 805 536 19 476 729 253 59 195 67 188 254 181 100 300 77 179 540 623 599 
223 656 123 569 806 424 85 600 653 813 848 35 255 0 31 224 220 124 100 300 77 179 813 848 809 
282 318 681 511 454 333 578 15 565 182 334 152 188 66 238 17 122 83 100 300 77 179 334 334 331 
821 146 80 455 476 753 715 545 211 326 643 317 0 255 40 215 102 111 100 300 77 179 326 477 475 
997 948 315 882 573 556 861 806 548 777 712 65 255 0 0 255 94 111 100 300 77 179 777 747 773 
647 150 578 412 55 139 399 468 339 91 59 32 255 0 218 37 154 50 100 300 77 179 59 59 58 
146 785 667 350 57 430 471 547 847 446 135 311 0 255 254 1 97 48 100 300 77 179 135 135 134 
1015 695 956 651 663 391 28 606 748 541 605 64 255 0 166 89 15 39 100 300 77 179 580 541 577 
773 507 393 294 190 969 407 142 553 88 527 439 0 255 7 248 139 101 100 300 77 179 88 342 340 
778 166 478 607 87 508 794 136 716 -179 283 462 0 255 211 44 130 1 100 300 77 179 283 283 281 
364 995 147 792 369 288 555 416 941 563 550 13 255 0 91 164 28 65 100 300 77 179 556 563 553 
159 831 644 674 679 559 292 99 850 552 721 169 167 87 80 175 152 119 100 300 77 179 602 646 612 
673 267 291 706 995 289 873 922 857 709 704 5 255 0 191 64 66 241 100 300 77 179 702 709 699 
866 861 795 484 870 950 24 745 477 902 948 46 255 0 150 105 251 215 100 300 77 179 925 926 921 
999 352 283 323 344 560 291 936 686 396 471 75 255 0 200 55 46 35 100 300 77 179 471 438 469 
57 632 603 383 23 162 518 805 779 521 4 517 0 255 238 17 202 115 100 300 77 179 4 4 3 
352 135 574 212 120 785 467 742 109 383 299 84 255 0 111 144 142 218 100 300 77 179 345 383 343 
932 359 380 104 672 223 886 402 464 367 183 184 147 107 46 209 17 200 100 300 77 179 367 367 364 
820 474 872 640 184 30 132 322 748 98 176 78 255 0 197 58 37 202 100 300 77 179 176 98 175 
169 733 80 402 834 542 969 323 591 755 627 128 219 35 48 207 100 254 100 300 77 179 755 755 749 
351 929 713 30 492 692 411 157 574 558 327 231 87 167 242 13 244 252 100 300 77 179 327 444 400 
855 669 889 883 779 169 81 520 95 747 672 75 255 0 111 144 79 96 100 300 77 179 711 713 708 
1018 889 969 260 49 850 704 609 219 464 161 303 0 255 136 119 14 109 100 300 77 179 301 464 462 
195 335 959 866 262 385 750 800 11 648 330 318 0 255 56 199 17 179 100 300 77 179 648 648 645 
896 283 708 142 383 855 711 710 872 245 335 90 255 0 75 180 165 76 100 300 77 179 270 335 268 
966 798 843 753 811 414 133 163 835 436 745 309 0 255 7 248 138 209 100 300 77 179 436 436 434 
970 470 71 534 200 305 998 169 795 -21 253 274 33 221 87 168 120 25 100 300 77 179 72 253 227 
61 881 72 903 402 450 358 33 742 457 770 313 0 255 90 165 163 196 100 300 77 179 565 599 596 
692 497 830 77 28 443 146 826 1 502 30 472 0 255 24 231 107 59 100 300 77 179 502 30 29 
978 380 502 273 589 532 1001 675 865 361 321 40 255 0 22 233 107 10 100 300 77 179 361 321 359 
615 748 698 62 692 314 356 743 109 911 271 640 0 255 64 191 111 149 100 300 77 179 747 637 634 
314 445 317 937 673 180 659 36 800 298 651 353 0 255 0 255 98 171 100 300 77 179 298 298 296 
40 444 178 596 195 392 902 1 695 136 322 186 145 109 72 183 209 74 100 300 77 179 187 322 243 
399 972 854 910 954 132 356 730 639 1070 696 374 0 255 212 43 56 81 100 300 77 179 696 1070 1065 
224 28 695 292 31 290 115 73 594 -139 105 244 71 183 2 253 215 16 100 300 77 179 -139 105 36 
495 166 431 882 671 984 404 421 797 306 1060 754 0 255 230 25 170 43 100 300 77 179 1060 1060 1055 
327 277 236 718 316 996 882 634 899 308 736 428 0 255 78 177 159 161 100 300 77 179 437 520 517 
308 596 110 816 895 662 56 960 59 1134 1145 11 255 0 63 192 95 105 100 300 77 179 1132 1139 1127 
168 963 130 772 654 313 118 977 843 1044 808 236 81 173 38 217 100 118 100 300 77 179 1044 935 962 
754 895 996 740 637 861 386 919 806 835 773 62 255 0 231 24 107 17 100 300 77 179 773 773 769 
928 626 767 593 1017 169 725 170 81 654 516 138 206 48 161 94 140 196 100 300 77 179 564 596 565 
56 47 595 779 189 548 586 618 41 402 463 61 255 0 68 187 45 134 100 300 77 179 416 402 414 
751 938 31 843 866 480 378 77 173 710 993 283 21 233 171 84 150 170 100 300 77 179 896 842 839 
460 810 466 915 74 650 827 328 548 354 497 143 200 54 220 35 136 202 100 300 77 179 497 354 462 
599 901 453 95 950 428 538 706 55 1116 489 627 0 255 86 169 202 1 100 300 77 179 901 489 487 
55 280 365 799 193 415 709 848 558 508 434 74 255 0 232 23 233 157 100 300 77 179 434 434 432 
931 914 353 1019 910 372 800 335 160 807 862 55 255 0 188 67 161 152 100 300 77 179 844 835 840 
246 288 817 600 308 302 230 517 578 351 344 7 255 0 17 238 41 130 100 300 77 179 351 351 349 
553 521 124 159 418 709 798 650 595 508 412 96 255 0 248 7 135 73 100 300 77 179 412 412 410 
200 220 447 579 936 323 287 633 225 788 736 52 255 0 43 212 4 131 100 300 77 179 788 788 784 
2 568 568 75 406 789 585 412 535 560 346 214 109 145 100 155 17 198 100 300 77 179 474 560 519 
781 581 628 602 630 245 809 721 754 582 379 203 123 131 35 220 1 188 100 300 77 179 582 582 577 
829 577 56 330 955 872 702 171 695 470 889 419 0 255 20 235 143 117 100 300 77 179 470 700 697 
680 444 31 452 477 10 607 308 844 233 311 78 255 0 233 22 68 75 100 300 77 179 311 270 309 
94 742 733 635 384 645 529 665 891 650 516 134 211 43 84 171 142 7 100 300 77 179 603 516 583 
225 803 297 58 714 653 662 902 167 1112 473 639 0 255 170 85 97 176 100 300 77 179 683 1112 1107 
311 664 367 933 397 693 769 203 693 381 727 346 0 255 201 54 185 44 100 300 77 179 727 727 724 
105 836 1002 768 930 622 469 46 613 727 793 66 255 0 199 56 208 56 100 300 77 179 793 793 789 
749 693 994 421 52 322 321 504 56 423 69 354 0 255 24 231 60 199 100 300 77 179 423 423 421 
888 638 340 277 32 889 253 1008 130 585 450 135 210 44 135 120 96 199 100 300 77 179 511 585 519 
935 369 931 121 35 925 952 603 57 255 69 186 145 109 224 31 216 145 100 300 77 179 69 69 68 
471 69 392 757 534 508 849 17 270 125 589 464 0 255 36 219 8 73 100 300 77 179 125 125 124 
914 166 1011 134 478 378 672 893 301 465 75 390 0 255 69 186 20 47 100 300 77 179 358 465 463 
777 930 659 529 717 46 910 688 168 931 254 677 0 255 128 127 135 159 100 300 77 179 588 620 617 
986 582 590 959 62 674 101 622 822 182 675 493 0 255 8 247 133 75 100 300 77 179 182 675 672 
675 611 62 911 975 185 75 1010 437 1020 1001 19 255 0 193 62 235 222 100 300 77 179 1001 1010 997 
985 303 726 921 894 847 36 926 642 655 1140 485 0 255 146 109 188 129 100 300 77 179 929 1140 1135 
884 143 672 606 525 250 995 937 667 414 274 140 204 51 28 227 131 122 100 300 77 179 414 341 397 
69 397 823 804 122 421 816 258 600 221 264 43 255 0 9 246 173 210 100 300 77 179 221 240 220 
716 359 500 290 272 782 597 550 1013 158 398 240 76 178 196 59 149 201 100 300 77 179 341 260 282 
561 78 485 869 412 242 553 377 775 100 502 402 0 255 196 59 88 246 100 300 77 179 407 100 99 
363 197 93 320 980 653 212 340 350 581 900 319 0 255 228 27 128 143 100 300 77 179 900 731 728 
807 358 225 841 77 84 316 875 485 332 365 33 255 0 82 173 117 171 100 300 77 179 341 332 339 
587 862 77 265 703 442 331 47 317 580 603 23 255 0 108 147 156 61 100 300 77 179 587 603 584 
864 903 949 575 309 787 518 626 702 527 468 59 255 0 21 234 182 76 100 300 77 179 527 468 524 
238 324 288 256 126 683 284 253 581 147 389 242 73 181 13 242 209 9 100 300 77 179 147 389 316 
273 309 677 640 728 282 1018 307 512 475 402 73 255 0 33 222 228 60 100 300 77 179 475 402 473 
68 374 1011 216 294 516 645 402 695 345 100 245 70 184 33 222 17 11 100 300 77 179 345 100 166 
566 911 599 543 658 416 267 623 647 793 593 200 127 127 193 62 59 73 100 300 77 179 639 703 665 
23 298 362 664 621 773 904 916 79 893 712 181 151 103 134 121 11 203 100 300 77 179 794 893 827 
322 240 273 145 198 852 762 760 272 451 339 112 239 15 28 227 12 70 100 300 77 179 451 451 447 
672 641 587 204 418 290 853 774 885 527 97 430 0 255 106 149 189 17 100 300 77 179 346 97 96 
980 702 266 752 489 891 329 573 251 574 917 343 0 255 34 221 60 92 100 300 77 179 574 574 571 
703 39 704 266 876 558 471 156 261 295 557 262 48 206 99 156 245 132 100 300 77 179 395 557 522 
123 935 467 925 298 800 57 217 794 496 881 385 0 255 177 78 231 155 100 300 77 179 760 881 877 
557 770 897 914 875 698 416 48 243 647 915 268 40 214 3 252 97 231 100 300 77 179 647 647 641 
310 887 150 317 427 215 785 248 906 477 245 232 86 168 75 180 48 184 100 300 77 179 407 477 449 
978 922 716 832 886 908 235 640 249 918 1076 158 181 73 112 143 199 182 100 300 77 179 983 1000 980 
250 754 928 861 993 146 876 779 777 1006 548 458 0 255 117 138 97 27 100 300 77 179 792 548 545 
465 150 300 389 945 197 670 403 197 583 522 61 255 0 8 247 204 79 100 300 77 179 583 522 580 
764 604 303 834 913 603 833 567 833 642 891 249 65 189 9 246 216 29 100 300 77 179 642 891 820 
154 744 206 754 887 213 745 627 524 959 689 270 38 216 244 11 47 51 100 300 77 179 689 829 801 
674 756 382 998 36 335 665 40 138 214 423 209 116 138 60 195 219 233 100 300 77 179 262 315 288 
7 251 623 1007 1001 633 970 382 232 757 922 165 172 82 144 111 142 71 100 300 77 179 846 922 863 
892 865 662 740 272 124 154 683 344 600 365 235 82 172 157 98 197 186 100 300 77 179 453 479 466 
753 61 232 477 919 556 58 812 792 509 903 394 0 255 129 126 6 248 100 300 77 179 705 509 507 
247 921 458 64 101 376 525 388 1 643 25 618 0 255 182 73 87 167 100 300 77 179 201 643 640 
173 635 434 692 182 907 163 100 778 221 742 521 0 255 227 28 63 152 100 300 77 179 742 221 220 
78 272 865 699 498 364 218 234 782 288 510 222 99 155 101 154 209 133 100 300 77 179 374 510 453 
105 49 960 628 1014 487 1005 585 237 738 573 165 172 82 29 226 33 189 100 300 77 179 738 738 732 
141 191 405 343 469 105 174 656 805 421 313 108 244 10 94 161 78 228 100 300 77 179 379 421 377 
741 416 190 52 965 430 609 525 916 538 524 14 255 0 47 208 23 14 100 300 77 179 538 524 535 
48 698 486 948 420 890 726 964 491 907 827 80 255 0 110 145 130 133 100 300 77 179 869 867 865 
479 980 875 312 736 874 314 160 78 800 665 135 210 44 190 65 136 115 100 300 77 179 696 726 695 
810 223 313 748 470 414 257 594 826 235 674 439 0 255 12 243 37 125 100 300 77 179 235 235 234 
912 320 289 66 61 592 856 355 356 50 73 23 255 0 10 245 99 220 100 300 77 179 50 50 49 
25 175 850 13 477 850 920 518 858 364 227 137 207 47 144 111 197 79 100 300 77 179 285 227 272 
110 710 758 406 354 55 383 375 290 620 123 497 0 255 233 22 168 108 100 300 77 179 123 123 122 
639 613 1003 781 735 900 10 584 993 558 955 397 0 255 136 119 15 143 100 300 77 179 766 558 555 
233 450 101 130 820 260 511 535 20 839 453 386 0 255 223 32 117 249 100 300 77 179 453 839 835 
582 894 247 120 154 60 204 888 788 626 55 571 0 255 237 18 20 17 100 300 77 179 55 317 315 
999 533 805 316 121 496 424 936 163 505 159 346 0 255 51 204 38 244 100 300 77 179 505 505 503 
765 211 681 224 459 962 595 151 644 57 504 447 0 255 46 209 21 54 100 300 77 179 57 57 56 
538 682 469 220 225 910 308 255 917 217 483 266 43 211 30 225 169 83 100 300 77 179 217 483 434 
333 844 562 659 864 608 338 216 640 719 841 122 226 28 67 188 248 41 100 300 77 179 748 841 752 
812 945 477 627 419 991 668 789 424 766 731 35 255 0 38 217 126 216 100 300 77 179 766 766 763 
693 456 508 159 713 209 692 127 609 322 239 83 255 0 197 58 147 174 100 300 77 179 239 283 238 
437 283 1000 987 744 741 659 87 540 312 821 509 0 255 217 38 53 210 100 300 77 179 821 312 310 
211 486 306 352 949 30 736 384 601 707 405 302 0 255 84 171 220 218 100 300 77 179 605 555 552 
560 44 545 844 579 224 330 66 382 109 605 496 0 255 65 190 66 120 100 300 77 179 234 109 108 
97 64 835 70 304 805 466 931 563 485 265 220 102 153 109 146 101 16 100 300 77 179 389 265 313 
732 736 758 705 266 10 358 916 760 586 212 374 0 255 74 181 47 41 100 300 77 179 475 386 384 
77 447 277 242 149 481 745 400 159 439 180 259 52 202 36 219 230 89 100 300 77 179 439 180 231 
163 891 822 751 503 411 882 184 946 512 406 106 247 7 209 46 175 119 100 300 77 179 406 406 402 
908 1004 33 843 674 458 586 816 647 859 833 26 255 0 201 54 15 99 100 300 77 179 833 859 829 
429 679 649 905 625 629 897 784 767 745 692 53 255 0 29 226 52 29 100 300 77 179 745 692 742 
860 390 464 75 25 983 162 955 242 409 384 25 255 0 19 236 171 21 100 300 77 179 409 384 407 
63 711 2 160 280 322 730 584 527 641 199 442 0 255 147 108 1 89 100 300 77 179 384 641 638 
557 94 278 604 4 31 385 169 313 -84 154 238 79 175 68 187 78 148 100 300 77 179 -21 -84 0 
550 808 381 769 667 564 870 435 587 671 687 16 255 0 195 60 137 250 100 300 77 179 680 671 677 
108 307 388 483 227 328 232 22 15 247 363 116 234 20 199 56 4 230 100 300 77 179 363 247 351 
201 623 534 722 361 776 517 783 370 740 667 73 255 0 235 20 229 140 100 300 77 179 667 667 664 
533 183 622 744 896 484 769 185 21 493 715 222 99 155 32 223 219 203 100 300 77 179 493 608 558 
191 175 691 409 957 487 411 194 344 529 651 122 226 28 112 143 35 249 100 300 77 179 580 529 569 
449 822 836 236 656 263 126 416 69 818 337 481 0 255 27 228 135 53 100 300 77 179 818 337 335 
26 1016 761 1004 973 482 1010 872 316 1345 787 558 0 255 242 13 28 29 100 300 77 179 787 1070 1065 
0 310 377 123 728 979 329 807 686 751 738 13 255 0 27 228 184 225 100 300 77 179 751 745 748 
0 104 378 935 1021 174 176 105 620 459 926 467 0 255 105 150 65 51 100 300 77 179 648 720 717 
192 904 645 636 673 181 640 896 182 1143 423 720 0 255 164 91 225 63 100 300 77 179 677 423 421 
599 498 858 52 756 567 439 797 405 775 364 411 0 255 91 164 168 100 100 300 77 179 625 364 362 
182 55 252 922 1005 495 148 523 1016 491 1110 619 0 255 194 61 246 237 100 300 77 179 958 806 802 
241 99 419 134 771 356 460 203 753 287 411 124 224 30 51 204 195 61 100 300 77 179 287 411 299 
627 353 739 119 184 198 368 413 230 261 -26 287 16 238 170 85 244 110 100 300 77 179 69 -26 0 
822 816 1018 216 336 779 774 983 582 717 218 499 0 255 155 100 93 87 100 300 77 179 412 459 457 
613 537 496 670 39 194 950 596 15 429 90 339 0 255 74 181 11 202 100 300 77 179 329 429 427 
727 548 600 215 423 527 857 675 492 518 217 301 0 255 217 38 122 69 100 300 77 179 217 217 216 
748 991 384 244 248 19 1005 821 576 698 -92 790 0 255 99 156 166 253 100 300 77 179 389 698 695 
730 104 457 708 340 942 647 953 435 408 720 312 0 255 76 179 226 4 100 300 77 179 499 720 717 
151 981 730 313 847 826 930 657 643 1044 578 466 0 255 30 225 234 159 100 300 77 179 1044 578 575 
263 973 47 21 90 529 898 411 574 528 84 444 0 255 152 103 19 99 100 300 77 179 262 528 525 
363 250 110 114 273 272 957 190 519 137 63 74 255 0 37 218 234 237 100 300 77 179 137 100 136 
139 891 12 738 898 396 252 114 866 701 950 249 65 189 168 87 198 91 100 300 77 179 861 950 919 
188 10 87 337 307 518 395 958 163 550 461 89 255 0 198 57 45 205 100 300 77 179 461 550 459 
575 480 367 380 391 262 994 675 516 500 177 323 0 255 50 205 26 226 100 300 77 179 500 500 498 
371 464 66 870 285 932 61 630 576 453 1012 559 0 255 170 85 85 9 100 300 77 179 822 1012 1008 
292 952 818 338 754 580 16 435 30 990 628 362 0 255 199 56 250 175 100 300 77 179 628 777 773 
797 611 291 763 709 452 428 154 552 399 782 383 0 255 50 205 191 182 100 300 77 179 399 595 592 
720 753 671 911 502 349 984 127 213 457 467 10 255 0 39 216 205 17 100 300 77 179 457 467 455 
501 612 373 704 876 921 973 920 6 1078 914 164 173 81 10 245 222 113 100 300 77 179 1078 914 1017 
452 338 961 729 960 543 22 839 294 882 870 12 255 0 221 34 219 140 100 300 77 179 870 870 866 
467 869 355 243 52 138 591 925 788 609 -19 628 0 255 179 76 107 244 100 300 77 179 167 609 606 
772 374 563 226 261 752 322 432 765 149 399 250 63 191 90 165 113 8 100 300 77 179 236 399 355 
744 635 128 220 315 31 206 68 0 322 199 123 225 29 162 93 204 100 100 300 77 179 242 199 235 
268 290 730 198 593 253 957 577 899 438 100 338 0 255 253 2 241 121 100 300 77 179 100 100 99 
127 65 395 571 943 955 843 187 402 465 925 460 0 255 232 23 136 115 100 300 77 179 925 714 711 
292 637 185 948 730 851 507 985 862 887 1092 205 121 133 29 226 238 175 100 300 77 179 887 1005 941 
314 880 970 697 576 153 1008 833 933 833 218 615 0 255 174 81 77 186 100 300 77 179 411 833 829 
282 629 301 530 755 761 412 164 22 698 844 146 196 58 26 229 237 156 100 300 77 179 698 844 725 
647 6 219 82 165 93 137 73 275 -108 81 189 141 113 10 245 189 240 100 300 77 179 -108 -24 0 
226 614 446 177 199 193 951 501 814 397 -65 462 0 255 47 208 58 216 100 300 77 179 397 397 395 
505 1008 176 971 391 457 368 147 835 438 772 334 0 255 46 209 212 103 100 300 77 179 438 772 768 
431 545 440 2 679 262 605 366 560 547 210 337 0 255 199 56 142 76 100 300 77 179 210 210 209 
471 942 906 899 992 769 15 1015 466 1241 1100 141 202 52 132 123 22 200 100 300 77 179 1163 1241 1169 
734 557 761 703 625 84 385 414 703 439 419 20 255 0 103 152 141 157 100 300 77 179 429 429 427 
427 864 564 831 322 879 222 118 87 525 819 294 7 247 39 216 204 245 100 300 77 179 525 658 649 
201 795 27 116 190 946 562 31 896 233 480 247 67 187 242 13 123 110 100 300 77 179 480 363 390 
634 235 716 1003 167 645 656 651 1009 115 563 448 0 255 98 157 66 116 100 300 77 179 286 115 114 
117 366 803 312 747 659 858 532 390 696 444 252 61 193 157 98 154 136 100 300 77 179 538 562 551 
746 384 124 375 829 918 354 16 29 421 941 520 0 255 216 39 239 194 100 300 77 179 941 708 705 
988 504 567 667 995 924 25 587 746 609 1145 536 0 255 38 217 12 136 100 300 77 179 609 609 606 
40 511 215 486 669 50 878 40 655 436 330 106 247 7 129 126 147 224 100 300 77 179 380 436 378 
188 206 134 841 752 914 163 432 643 488 1180 692 0 255 152 103 75 199 100 300 77 179 896 488 486 
390 1007 209 797 864 471 694 815 240 1185 840 345 0 255 191 64 234 253 100 300 77 179 922 1019 1015 
903 514 6 15 98 805 566 736 233 391 316 75 255 0 3 252 30 161 100 300 77 179 391 391 389 
15 961 1022 386 915 603 854 493 60 1165 483 682 0 255 117 138 81 232 100 300 77 179 848 1165 1160 
918 666 251 239 561 401 772 401 271 517 344 173 161 93 88 167 238 95 100 300 77 179 455 344 411 
493 243 543 214 301 544 519 510 932 170 265 95 255 0 186 69 229 205 100 300 77 179 238 220 237 
458 240 68 290 441 465 1001 948 611 548 330 218 104 150 148 107 28 101 100 300 77 179 419 548 491 
964 219 174 354 634 445 425 291 925 99 567 468 0 255 174 81 26 21 100 300 77 179 416 357 355 
13 939 376 431 588 190 22 673 469 979 505 474 0 255 50 205 50 176 100 300 77 179 979 979 975 
764 555 537 416 569 747 300 802 77 752 656 96 255 0 120 135 101 232 100 300 77 179 704 752 701 
437 966 413 248 892 505 433 565 254 1039 611 428 0 255 65 190 53 148 100 300 77 179 926 1039 1034 
854 872 658 1007 1001 698 803 356 798 702 988 286 17 237 11 244 89 91 100 300 77 179 702 843 827 
132 1004 425 415 800 443 589 665 33 1193 575 618 0 255 103 152 244 151 100 300 77 179 939 575 572 
954 958 773 551 843 10 763 105 49 702 318 384 0 255 47 208 120 2 100 300 77 179 702 318 316 
877 484 153 251 58 209 476 471 359 198 101 97 255 0 112 143 83 145 100 300 77 179 154 198 153 
1015 734 369 585 389 380 434 760 368 596 476 120 229 25 159 96 217 30 100 300 77 179 519 476 510 
178 972 999 257 291 857 820 378 371 684 247 437 0 255 69 186 66 253 100 300 77 179 563 684 681 
47 691 513 115 471 735 982 541 956 600 286 314 0 255 252 3 118 92 100 300 77 179 286 423 421 
92 863 423 774 566 487 272 138 79 741 740 1 255 0 215 40 85 171 100 300 77 179 740 741 737 
106 600 117 255 423 731 889 834 237 843 452 391 0 255 88 167 244 76 100 300 77 179 705 452 450 
157 761 289 336 1 576 454 165 719 244 271 27 255 0 138 117 64 100 100 300 77 179 257 244 255 
250 596 53 616 40 882 351 114 607 162 669 507 0 255 160 95 199 187 100 300 77 179 478 423 421 
809 663 932 620 753 729 705 941 991 728 641 87 255 0 83 172 24 205 100 300 77 179 696 728 693 
698 177 492 960 141 674 198 640 635 146 715 569 0 255 112 143 168 114 100 300 77 179 394 715 712 
871 723 438 634 655 908 1016 745 517 714 735 21 255 0 12 243 27 218 100 300 77 179 714 714 711 
937 687 472 983 81 394 16 605 581 306 606 300 0 255 3 252 150 91 100 300 77 179 306 606 603 
26 1001 135 563 883 698 35 450 449 1048 1030 18 255 0 195 60 254 65 100 300 77 179 1030 1030 1025 
906 50 339 746 510 559 229 125 496 -8 766 774 0 255 222 33 163 114 100 300 77 179 766 447 445 
140 144 1005 994 438 773 571 774 998 394 709 315 0 255 10 245 89 121 100 300 77 179 394 527 524 
178 364 908 70 94 210 629 279 764 133 -197 330 0 255 77 178 195 64 100 300 77 179 33 -197 0 
686 134 964 454 366 173 510 462 67 294 128 166 170 84 226 29 231 199 100 300 77 179 128 204 151 
482 814 895 687 72 127 435 800 602 573 111 462 0 255 120 135 8 45 100 300 77 179 354 573 570 
953 604 517 223 973 370 469 849 808 772 536 236 81 173 112 143 159 243 100 300 77 179 665 772 732 
678 272 739 573 995 307 508 290 75 591 625 34 255 0 28 227 19 254 100 300 77 179 591 591 588 
613 807 881 846 958 36 142 742 892 877 665 212 112 142 95 160 55 146 100 300 77 179 794 877 833 
26 44 954 410 802 248 622 913 643 713 337 376 0 255 235 20 253 38 100 300 77 179 337 337 335 
25 932 151 92 732 179 163 489 970 828 424 404 0 255 188 67 171 17 100 300 77 179 528 424 422 
313 958 876 911 602 166 180 764 967 843 575 268 40 214 167 88 138 152 100 300 77 179 664 715 701 
239 838 806 602 446 562 361 1018 373 999 514 485 0 255 246 9 6 198 100 300 77 179 514 999 995 
450 645 321 943 228 383 315 38 619 189 618 429 0 255 213 42 150 92 100 300 77 179 618 618 615 
143 119 1003 554 88 261 214 321 924 -3 148 151 189 65 132 123 41 36 100 300 77 179 74 77 74 
65 874 996 950 418 922 495 480 171 828 773 55 255 0 21 234 161 79 100 300 77 179 828 773 824 
477 215 1 815 376 15 731 223 704 111 420 309 0 255 62 193 67 33 100 300 77 179 185 420 418 
352 771 909 726 252 461 952 629 264 671 254 417 0 255 160 95 177 102 100 300 77 179 407 254 253 
197 314 708 644 255 44 543 180 533 192 159 33 255 0 222 33 156 69 100 300 77 179 159 159 158 
874 161 265 686 231 844 331 499 781 31 732 701 0 255 188 67 162 63 100 300 77 179 545 732 729 
751 347 309 130 10 946 930 390 717 7 234 227 93 161 171 84 32 51 100 300 77 179 158 7 61 
923 912 386 255 616 639 20 838 529 821 653 168 168 86 231 24 30 241 100 300 77 179 653 821 704 
948 96 424 330 865 969 745 699 656 428 789 361 0 255 80 175 186 40 100 300 77 179 539 789 785 
777 94 989 622 915 198 1010 246 228 376 368 8 255 0 102 153 199 213 100 300 77 179 371 372 369 
418 411 789 254 885 697 999 189 221 582 471 111 240 14 79 176 191 93 100 300 77 179 545 471 536 
618 392 563 394 680 15 831 357 731 378 197 181 151 103 244 11 129 169 100 300 77 179 197 299 236 
439 869 669 515 376 701 101 48 889 315 603 288 15 239 166 89 155 107 100 300 77 179 500 603 592 
515 167 95 701 145 540 3 434 229 187 669 482 0 255 168 87 128 153 100 300 77 179 502 406 404 
204 140 24 961 711 566 302 43 873 177 1037 860 0 255 152 103 4 237 100 300 77 179 686 177 176 
10 655 806 538 297 642 435 558 195 704 429 275 31 223 189 66 54 25 100 300 77 179 498 429 434 
917 841 903 90 716 174 852 744 793 723 52 671 0 255 194 61 14 155 100 300 77 179 211 723 720 
919 528 517 261 993 594 990 42 192 504 547 43 255 0 132 123 163 86 100 300 77 179 524 547 521 
663 363 869 555 688 262 124 41 908 153 504 351 0 255 192 63 204 112 100 300 77 179 415 504 502 
76 157 252 81 872 160 630 540 195 717 336 381 0 255 193 62 156 38 100 300 77 179 426 336 334 
465 697 287 639 963 579 709 1001 919 984 841 143 200 54 165 90 250 41 100 300 77 179 887 841 870 
521 641 818 427 56 531 137 375 712 227 268 41 255 0 33 222 200 12 100 300 77 179 227 268 226 
834 886 201 621 1019 43 142 228 596 709 755 46 255 0 171 84 184 128 100 300 77 179 736 755 733 
659 37 198 766 315 766 871 101 611 -91 657 748 0 255 183 72 145 59 100 300 77 179 444 657 654 
931 972 528 723 817 204 109 632 22 973 712 261 49 205 9 246 29 208 100 300 77 179 973 973 965 
385 234 376 178 792 337 323 741 598 638 479 159 179 75 198 57 91 47 100 300 77 179 479 479 475 
586 494 431 324 994 264 580 360 319 699 539 160 178 76 2 253 170 225 100 300 77 179 699 630 673 
431 878 969 384 207 183 313 869 537 735 66 669 0 255 211 44 27 157 100 300 77 179 66 735 732 
579 266 2 293 840 915 1018 8 749 226 769 543 0 255 21 234 161 205 100 300 77 179 226 464 462 
849 580 266 802 173 280 5 406 27 361 560 199 128 126 217 38 52 219 100 300 77 179 560 361 457 
57 228 46 768 714 939 929 824 1022 614 967 353 0 255 204 51 82 6 100 300 77 179 967 967 963 
749 483 401 879 58 393 145 46 714 -72 528 600 0 255 232 23 97 61 100 300 77 179 528 528 525 
927 718 916 969 958 1019 406 675 841 734 1142 408 0 255 158 97 178 124 100 300 77 179 982 1142 1137 
520 797 41 921 748 629 772 291 210 735 945 210 114 140 166 89 236 205 100 300 77 179 868 847 849 
358 276 761 739 876 939 275 703 632 680 1018 338 0 255 18 237 48 85 100 300 77 179 680 680 677 
318 429 89 572 682 117 322 1003 906 751 583 168 168 86 5 250 220 62 100 300 77 179 751 583 688 
443 138 220 792 89 409 603 201 712 -75 439 514 0 255 151 104 118 61 100 300 77 179 228 439 437 
422 788 36 621 81 424 1008 862 53 747 301 446 0 255 185 70 29 123 100 300 77 179 421 747 744 
888 17 837 801 198 933 699 908 729 157 582 425 0 255 123 132 212 23 100 300 77 179 360 582 579 
26 343 498 230 567 696 854 916 447 795 409 386 0 255 101 154 112 78 100 300 77 179 639 409 407 
457 986 472 507 22 196 918 398 104 563 15 548 0 255 89 166 45 63 100 300 77 179 370 334 332 
655 998 941 55 923 194 1015 334 232 906 97 809 0 255 240 15 206 235 100 300 77 179 97 528 525 
735 899 884 365 139 824 696 441 968 313 268 45 255 0 242 13 8 70 100 300 77 179 268 313 266 
69 845 405 594 351 993 617 682 883 701 713 12 255 0 107 148 18 222 100 300 77 179 703 701 700 
710 860 691 717 916 600 332 1017 212 1166 861 305 0 255 72 183 212 196 100 300 77 179 1075 1007 1003 
205 782 630 986 515 489 599 1002 357 1009 688 321 0 255 66 189 150 190 100 300 77 179 922 867 863 
83 383 89 325 463 164 61 455 291 557 438 119 230 24 50 205 130 4 100 300 77 179 557 438 541 
849 204 436 749 538 275 785 976 120 617 475 142 201 53 6 249 107 16 100 300 77 179 617 475 582 
128 94 238 216 623 403 743 983 767 626 376 250 63 191 20 235 221 92 100 300 77 179 626 376 434 
815 804 338 971 847 643 302 631 1011 685 1070 385 0 255 87 168 61 0 100 300 77 179 813 1070 1065 
930 641 804 765 631 187 862 732 666 603 374 229 90 164 156 99 222 202 100 300 77 179 461 483 471 
741 418 1020 638 361 186 328 261 962 94 255 161 177 77 227 28 251 242 100 300 77 179 255 175 228 
894 165 150 664 808 73 250 10 237 209 673 464 0 255 64 191 232 93 100 300 77 179 324 673 670 
38 665 835 85 11 374 422 425 474 422 -79 501 0 255 118 137 139 135 100 300 77 179 189 167 166 
519 799 296 563 587 208 568 219 561 532 462 70 255 0 17 238 219 53 100 300 77 179 532 462 529 
244 389 293 767 326 109 824 257 515 296 321 25 255 0 10 245 159 98 100 300 77 179 296 321 294 
315 339 953 478 0 742 408 23 652 -61 270 331 0 255 112 143 150 157 100 300 77 179 84 100 99 
464 50 736 757 414 52 969 897 846 353 185 168 168 86 114 141 225 217 100 300 77 179 276 267 270 
662 518 77 370 236 879 648 748 159 547 561 14 255 0 242 13 102 155 100 300 77 179 561 547 558 
816 702 0 514 1008 7 41 105 617 549 754 205 121 133 11 244 107 90 100 300 77 179 549 660 602 
713 371 332 693 596 245 383 209 264 343 588 245 70 184 216 39 108 167 100 300 77 179 588 343 407 
543 958 341 369 763 883 22 869 826 953 916 37 255 0 138 117 110 153 100 300 77 179 929 937 925 
342 796 98 462 779 640 1 17 467 594 916 322 0 255 56 199 94 112 100 300 77 179 594 740 737 
62 372 385 308 939 488 184 303 848 579 725 146 196 58 157 98 169 157 100 300 77 179 666 654 658 
267 892 5 373 605 946 468 433 670 731 843 112 239 15 194 61 96 115 100 300 77 179 813 781 804 
658 752 648 800 35 103 42 164 854 98 296 198 130 124 142 113 43 239 100 300 77 179 207 98 152 
554 849 324 238 718 531 292 28 156 620 589 31 255 0 199 56 132 106 100 300 77 179 589 602 586 
111 645 129 593 188 506 343 211 107 468 526 58 255 0 39 216 222 184 100 300 77 179 468 499 466 
3 829 251 906 858 363 322 157 397 822 921 99 255 0 77 178 209 71 100 300 77 179 848 921 844 
871 199 363 353 599 466 39 388 559 236 609 373 0 255 17 238 54 196 100 300 77 179 236 236 235 
644 827 21 12 407 214 601 841 766 684 161 523 0 255 236 19 133 137 100 300 77 179 161 426 424 
682 891 185 715 193 204 788 542 4 641 312 329 0 255 243 12 223 222 100 300 77 179 312 476 474 
505 543 33 767 775 596 378 503 539 649 966 317 0 255 114 141 36 166 100 300 77 179 787 649 646 
690 767 312 822 306 280 276 781 325 673 557 116 234 20 91 164 172 8 100 300 77 179 629 557 618 
153 431 217 777 658 858 212 448 748 543 1039 496 0 255 26 229 113 125 100 300 77 179 543 778 774 
710 952 158 53 622 248 571 694 477 838 280 558 0 255 167 88 206 218 100 300 77 179 470 566 563 
727 269 302 190 613 796 97 419 645 307 700 393 0 255 195 60 131 11 100 300 77 179 605 700 697 
450 799 1013 868 61 784 741 772 206 652 418 234 84 170 82 173 152 249 100 300 77 179 574 652 621 
461 507 994 780 1002 207 32 161 736 535 738 203 123 131 198 57 164 86 100 300 77 179 738 738 732 
669 46 887 105 968 388 137 320 919 271 475 204 122 132 199 56 49 44 100 300 77 179 475 378 421 
913 788 810 218 197 661 113 517 700 347 307 40 255 0 40 215 95 206 100 300 77 179 347 347 345 
930 164 754 568 192 705 306 646 241 209 468 259 52 202 124 131 193 158 100 300 77 179 333 351 344 
253 668 338 121 671 969 860 149 703 505 580 75 255 0 169 86 130 110 100 300 77 179 552 545 549 
392 861 256 298 573 641 460 884 975 817 576 241 75 179 208 47 183 31 100 300 77 179 576 576 571 
84 858 358 926 591 52 220 150 425 672 640 32 255 0 223 32 23 237 100 300 77 179 640 672 637 
957 271 36 477 597 743 341 65 912 -2 813 815 0 255 211 44 95 195 100 300 77 179 813 -2 0 
447 530 573 251 131 624 627 240 877 120 203 83 255 0 29 226 225 99 100 300 77 179 120 203 119 
306 770 271 537 234 57 846 118 554 347 135 212 112 142 159 96 0 41 100 300 77 179 213 347 285 
9 770 719 364 685 93 841 432 103 916 181 735 0 255 24 231 27 157 100 300 77 179 916 916 912 
205 432 827 336 279 837 211 669 589 491 467 24 255 0 143 112 80 37 100 300 77 179 475 467 473 
133 862 485 237 799 698 164 144 684 698 704 6 255 0 167 88 164 47 100 300 77 179 699 704 696 
841 627 953 676 254 47 37 734 249 535 241 294 7 247 37 218 11 206 100 300 77 179 535 535 530 
860 234 765 288 346 336 68 78 506 -12 277 289 14 240 95 160 106 158 100 300 77 179 95 -12 0 
678 650 348 761 711 600 903 979 879 781 723 58 255 0 81 174 169 230 100 300 77 179 759 756 756 
701 1022 510 279 709 1017 215 425 165 861 821 40 255 0 63 192 100 86 100 300 77 179 847 839 843 
949 463 538 512 828 823 120 632 790 527 917 390 0 255 72 183 68 118 100 300 77 179 634 527 524 
379 490 448 261 144 272 356 258 18 348 137 211 113 141 114 141 230 167 100 300 77 179 252 225 235 
146 264 809 744 842 957 195 539 287 715 1021 306 0 255 104 151 61 91 100 300 77 179 836 715 712 
168 2 416 286 181 599 738 737 520 287 244 43 255 0 83 172 115 75 100 300 77 179 271 244 269 
698 945 298 486 400 326 409 897 975 703 430 273 34 220 1 254 153 200 100 300 77 179 703 584 595 
653 119 726 99 598 867 236 200 38 286 541 255 57 197 211 44 7 93 100 300 77 179 541 286 340 
178 515 507 884 584 174 929 678 514 716 463 253 59 195 209 46 73 224 100 300 77 179 463 716 652 
543 94 494 329 555 978 375 27 756 13 714 701 0 255 82 173 169 126 100 300 77 179 237 414 412 
877 765 407 525 597 519 750 745 198 784 531 253 59 195 115 140 132 38 100 300 77 179 667 531 558 
799 169 506 265 636 467 261 546 93 453 492 39 255 0 143 112 217 185 100 300 77 179 473 474 471 
551 687 880 564 931 569 878 463 164 861 592 269 39 215 60 195 155 110 100 300 77 179 794 703 711 
621 242 954 719 691 402 662 459 1012 287 502 215 108 146 23 232 119 176 100 300 77 179 287 287 284 
963 646 631 658 155 250 562 246 515 155 234 79 255 0 204 51 169 9 100 300 77 179 234 234 233 
212 412 939 621 223 356 274 394 898 237 297 60 255 0 141 114 82 165 100 300 77 179 269 237 267 
624 91 375 961 944 266 270 798 411 658 925 267 42 212 226 29 115 126 100 300 77 179 925 785 801 
381 390 468 734 746 343 474 386 65 650 676 26 255 0 250 5 152 114 100 300 77 179 676 664 673 
994 704 499 365 441 210 557 979 191 766 244 522 0 255 196 59 213 231 100 300 77 179 363 515 512 
645 607 790 279 8 274 546 230 933 28 -53 81 255 0 28 227 67 122 100 300 77 179 28 28 27 
676 855 649 825 585 503 819 451 49 763 589 174 160 94 251 4 191 147 100 300 77 179 589 664 611 
341 606 922 862 888 106 805 415 314 791 497 294 7 247 6 249 181 215 100 300 77 179 791 656 654 
51 251 972 112 980 353 900 282 730 562 254 308 0 255 12 243 27 219 100 300 77 179 562 562 559 
434 575 749 982 60 122 133 821 163 579 362 217 105 149 134 121 180 252 100 300 77 179 463 488 473 
624 298 563 553 921 72 1006 926 960 676 381 295 6 248 171 84 185 23 100 300 77 179 476 381 380 
138 829 864 105 773 328 243 858 431 1088 326 762 0 255 168 87 9 188 100 300 77 179 583 1088 1083 
1020 392 541 802 165 922 317 694 469 253 730 477 0 255 169 86 174 61 100 300 77 179 566 730 727 
556 168 927 585 864 998 814 566 893 437 789 352 0 255 68 187 239 252 100 300 77 179 528 608 605 
938 38 599 430 46 946 768 61 738 -346 370 716 0 255 73 182 245 38 100 300 77 179 -141 370 368 
610 475 420 900 230 555 969 668 34 526 495 31 255 0 99 156 222 99 100 300 77 179 511 495 509 
764 758 235 945 175 849 420 788 347 583 820 237 80 174 227 28 218 33 100 300 77 179 820 820 813 
698 153 419 562 564 790 757 928 474 530 665 135 210 44 102 153 240 24 100 300 77 179 581 665 590 
571 324 966 633 475 899 749 602 102 533 574 41 255 0 5 250 21 116 100 300 77 179 533 533 530 
192 76 336 232 344 565 990 232 409 176 239 63 255 0 252 3 117 251 100 300 77 179 239 176 238 
509 1010 550 135 347 745 425 945 71 1006 369 637 0 255 96 159 144 192 100 300 77 179 763 733 730 
750 390 925 197 910 264 423 3 558 325 349 24 255 0 87 168 164 237 100 300 77 179 331 325 329 
601 266 920 17 233 733 101 733 245 404 235 169 167 87 105 150 73 38 100 300 77 179 333 235 297 
316 648 23 638 204 406 476 816 226 699 500 199 128 126 97 158 231 31 100 300 77 179 620 500 556 
46 705 304 1019 188 567 604 510 473 572 659 87 255 0 38 217 65 184 100 300 77 179 572 572 569 
1019 568 658 696 974 374 480 131 81 562 738 176 158 96 138 117 171 215 100 300 77 179 654 639 643 
612 63 754 157 87 50 82 218 397 -69 -62 7 255 0 73 182 38 161 100 300 77 179 -67 -69 0 
116 751 910 453 417 423 898 539 130 791 194 597 0 255 53 202 42 90 100 300 77 179 791 791 787 
372 564 134 726 363 661 435 774 248 695 733 38 255 0 48 207 38 252 100 300 77 179 695 695 692 
997 943 461 206 384 760 921 880 995 606 330 276 30 224 38 217 31 49 100 300 77 179 606 606 601 
263 744 228 610 178 588 469 903 6 846 514 332 0 255 93 162 41 19 100 300 77 179 722 514 511 
921 437 559 89 602 417 626 41 49 297 258 39 255 0 116 139 208 178 100 300 77 179 278 275 276 
562 205 652 46 737 434 527 932 766 605 314 291 11 243 245 10 193 111 100 300 77 179 314 314 311 
465 523 238 449 147 535 413 56 372 153 402 249 65 189 25 230 155 56 100 300 77 179 153 402 335 
594 338 763 799 121 440 148 101 525 0 452 452 0 255 47 208 184 9 100 300 77 179 0 452 450 
179 868 848 208 498 547 199 935 289 1034 365 669 0 255 242 13 174 157 100 300 77 179 365 682 679 
561 795 238 119 361 101 389 1000 628 780 133 647 0 255 146 109 114 113 100 300 77 179 407 455 453 
416 919 425 695 36 182 96 128 192 389 326 63 255 0 118 137 43 132 100 300 77 179 358 389 356 
690 888 774 1006 224 176 943 919 385 747 275 472 0 255 34 221 36 1 100 300 77 179 747 275 273 
826 843 936 356 467 660 688 998 627 791 335 456 0 255 236 19 236 254 100 300 77 179 335 571 568 
274 967 114 889 112 918 649 614 479 659 769 110 242 12 131 124 138 176 100 300 77 179 712 707 706 
575 208 383 645 527 131 848 858 330 571 343 228 91 163 40 215 218 80 100 300 77 179 571 343 421 
275 880 819 268 919 128 876 843 464 1136 234 902 0 255 32 223 20 44 100 300 77 179 1136 1136 1131 
744 498 518 941 220 138 452 227 241 226 407 181 151 103 70 185 35 44 100 300 77 179 274 306 284 
380 1009 878 750 603 244 248 19 835 511 517 6 255 0 181 74 197 75 100 300 77 179 513 517 510 
816 520 120 896 210 298 297 895 164 567 598 31 255 0 184 71 205 189 100 300 77 179 587 583 584 
810 713 796 373 930 565 876 979 823 903 515 388 0 255 106 149 153 133 100 300 77 179 738 695 692 
622 179 529 508 865 585 180 132 672 264 801 537 0 255 54 201 113 190 100 300 77 179 264 264 262 
680 306 790 363 92 743 732 82 753 -118 218 336 0 255 21 234 227 226 100 300 77 179 -118 50 49 
582 866 129 209 50 708 300 765 547 559 376 183 149 105 83 172 234 211 100 300 77 179 497 462 478 
535 125 94 688 726 1003 984 411 191 450 939 489 0 255 99 156 225 151 100 300 77 179 637 939 935 
642 982 245 325 292 939 827 999 177 932 510 422 0 255 205 50 92 143 100 300 77 179 510 932 928 
295 735 336 692 852 43 986 135 140 752 463 289 14 240 166 89 84 249 100 300 77 179 561 752 735 
678 936 147 106 961 751 23 110 109 807 867 60 255 0 71 184 220 27 100 300 77 179 820 867 816 
587 943 1000 925 51 421 318 432 935 333 368 35 255 0 72 183 146 205 100 300 77 179 341 347 339 
735 921 56 879 7 734 727 179 889 147 614 467 0 255 39 216 232 59 100 300 77 179 147 614 611 
701 654 161 296 203 953 553 974 222 685 547 138 206 48 164 91 200 102 100 300 77 179 593 547 579 
856 166 207 351 254 353 1009 638 609 163 175 12 255 0 147 108 102 139 100 300 77 179 169 168 168 
795 481 90 955 44 663 749 95 803 -89 621 710 0 255 235 20 143 115 100 300 77 179 621 304 302 
811 290 1014 1008 548 914 240 489 928 229 922 693 0 255 169 86 111 217 100 300 77 179 685 229 228 
405 479 460 331 890 903 350 975 316 991 859 132 214 40 237 18 41 242 100 300 77 179 859 991 872 
898 518 18 796 367 868 443 619 386 431 901 470 0 255 183 72 80 242 100 300 77 179 765 431 429 
869 793 306 892 383 816 835 1021 46 869 761 108 244 10 60 195 109 216 100 300 77 179 840 869 834 
395 125 936 186 604 831 267 1008 451 658 510 148 193 61 57 198 47 178 100 300 77 179 658 658 652 
895 786 267 1008 45 352 688 58 55 208 464 256 56 198 144 111 165 60 100 300 77 179 351 464 435 
641 542 526 717 382 628 314 95 678 180 654 474 0 255 7 248 98 18 100 300 77 179 180 654 651 
298 218 738 721 731 369 559 366 962 343 586 243 72 182 113 142 28 220 100 300 77 179 448 343 369 
36 228 141 309 260 748 652 997 338 649 460 189 141 113 107 148 122 232 100 300 77 179 567 649 598 
585 434 464 973 596 400 570 1009 801 673 726 53 255 0 22 233 96 196 100 300 77 179 673 673 670 
203 361 222 3 196 460 697 478 131 435 100 335 0 255 204 51 19 31 100 300 77 179 100 435 433 
891 701 523 630 851 10 534 392 60 734 482 252 61 193 182 73 198 182 100 300 77 179 551 602 585 
122 331 886 690 244 29 269 765 440 529 193 336 0 255 242 13 21 4 100 300 77 179 193 193 192 
628 218 770 728 415 248 541 810 789 367 368 1 255 0 95 160 111 251 100 300 77 179 365 367 363 
916 752 225 70 90 268 154 372 696 204 120 84 255 0 26 229 226 119 100 300 77 179 204 120 203 
547 82 141 32 279 778 960 15 65 35 269 234 84 170 170 85 143 60 100 300 77 179 190 269 240 
913 472 619 321 137 949 979 1012 227 526 304 222 99 155 93 162 181 7 100 300 77 179 443 304 355 
610 355 455 149 180 596 428 309 465 153 242 89 255 0 102 153 227 107 100 300 77 179 187 242 186 
757 273 249 169 621 629 948 980 820 542 409 133 212 42 156 99 226 132 100 300 77 179 458 409 446 
473 251 775 608 4 668 977 510 618 110 203 93 255 0 181 74 16 46 100 300 77 179 175 110 174 
898 803 960 307 876 836 849 445 553 699 557 142 201 53 232 23 152 1 100 300 77 179 557 557 552 
278 140 724 42 446 696 564 182 87 294 270 24 255 0 47 208 94 237 100 300 77 179 294 294 292 
712 170 791 422 724 339 563 1019 682 608 405 203 123 131 226 29 91 110 100 300 77 179 405 516 458 
749 1017 487 339 619 790 394 208 395 636 654 18 255 0 16 239 110 175 100 300 77 179 636 636 633 
518 733 308 722 936 722 136 680 384 949 1079 130 216 38 128 127 101 244 100 300 77 179 1010 949 993 
118 574 477 162 537 327 799 64 636 399 194 205 121 133 162 93 20 215 100 300 77 179 267 399 333 
881 776 959 662 1018 753 58 9 850 469 963 494 0 255 85 170 68 27 100 300 77 179 631 963 959 
185 392 856 779 1009 727 352 549 761 738 954 216 107 147 236 19 32 56 100 300 77 179 954 738 822 
335 345 887 691 17 529 524 405 941 64 265 201 126 128 252 3 141 145 100 300 77 179 265 163 211 
237 816 243 586 633 464 771 578 795 756 589 167 169 85 187 68 246 194 100 300 77 179 631 662 636 
579 613 604 983 451 708 241 788 163 741 859 118 232 22 20 235 79 82 100 300 77 179 741 798 740 
180 251 1014 625 494 249 996 731 714 514 181 333 0 255 44 211 119 205 100 300 77 179 514 514 511 
112 813 887 99 67 61 465 899 355 772 -225 997 0 255 111 144 33 166 100 300 77 179 336 772 768 
549 745 135 914 468 102 410 888 979 669 607 62 255 0 5 250 240 235 100 300 77 179 669 637 666 
625 501 454 405 155 890 496 879 744 424 487 63 255 0 138 117 160 68 100 300 77 179 456 487 454 
605 886 946 972 68 967 508 69 157 321 640 319 0 255 75 180 43 187 100 300 77 179 413 321 319 
899 871 687 816 102 534 60 832 353 590 540 50 255 0 211 44 184 86 100 300 77 179 540 540 537 
216 347 469 540 410 769 27 383 190 468 736 268 40 214 94 161 84 4 100 300 77 179 564 736 703 
700 687 852 446 650 680 363 325 705 479 585 106 247 7 6 249 239 159 100 300 77 179 479 585 478 
138 960 478 954 995 290 551 12 160 909 863 46 255 0 89 166 197 81 100 300 77 179 889 863 885 
566 388 767 1007 457 76 102 343 298 378 553 175 159 95 233 22 128 147 100 300 77 179 553 459 513 
52 272 800 550 961 549 422 986 612 943 724 219 103 151 240 15 194 28 100 300 77 179 724 724 718 
291 217 424 513 860 797 597 530 305 655 829 174 160 94 175 80 160 197 100 300 77 179 771 732 750 
887 27 629 202 884 949 866 39 539 119 644 525 0 255 92 163 17 63 100 300 77 179 307 119 118 
60 236 956 825 38 990 951 46 337 61 450 389 0 255 182 73 8 61 100 300 77 179 337 61 60 
313 853 533 118 142 413 162 966 132 869 163 706 0 255 58 197 6 227 100 300 77 179 869 869 865 
737 208 348 610 626 67 180 177 876 102 519 417 0 255 147 108 51 172 100 300 77 179 341 102 101 
101 4 574 364 441 280 517 269 5 330 270 60 255 0 235 20 126 56 100 300 77 179 270 270 268 
905 123 544 174 987 966 502 171 727 232 802 570 0 255 192 63 122 213 100 300 77 179 658 232 231 
856 583 801 486 795 916 978 134 640 381 654 273 34 220 191 64 48 113 100 300 77 179 583 381 404 
298 446 695 258 892 548 933 476 381 738 443 295 6 248 176 79 193 231 100 300 77 179 532 603 596 
63 801 171 852 132 503 858 591 281 676 487 189 141 113 92 163 136 239 100 300 77 179 605 676 631 
289 654 38 774 191 521 605 244 496 348 582 234 84 170 234 21 92 16 100 300 77 179 582 582 577 
620 178 645 365 706 56 334 626 1005 349 319 30 255 0 115 140 64 9 100 300 77 179 334 319 332 
577 46 959 464 889 948 697 365 820 300 737 437 0 255 146 109 173 148 100 300 77 179 548 535 532 
929 919 466 186 335 24 7 822 248 743 155 588 0 255 202 53 203 52 100 300 77 179 155 155 154 
503 869 640 219 995 549 853 834 567 1082 507 575 0 255 109 146 74 204 100 300 77 179 832 1082 1077 
1011 520 195 553 254 400 211 803 484 415 503 88 255 0 120 135 183 32 100 300 77 179 454 503 452 
972 751 632 574 233 905 525 428 793 264 566 302 0 255 177 78 252 151 100 300 77 179 471 566 563 
159 133 174 67 383 743 398 36 5 235 453 218 104 150 167 88 191 17 100 300 77 179 376 453 418 
347 508 318 687 826 692 952 653 586 761 785 24 255 0 252 3 13 21 100 300 77 179 785 761 781 
983 414 701 415 1017 857 251 426 378 589 906 317 0 255 201 54 8 203 100 300 77 179 906 589 586 
34 18 457 856 814 958 205 882 261 784 1149 365 0 255 15 240 247 16 100 300 77 179 784 1149 1144 
234 33 130 695 28 871 288 431 668 20 692 672 0 255 235 20 74 246 100 300 77 179 692 20 19 
797 88 183 194 101 930 49 930 124 329 555 226 94 160 90 165 59 142 100 300 77 179 407 329 355 
586 309 791 14 273 953 857 23 987 -91 208 299 1 253 101 154 131 186 100 300 77 179 27 32 31 
565 1005 546 656 344 1004 906 109 634 429 640 211 113 141 222 33 150 195 100 300 77 179 640 520 568 
764 129 651 924 341 502 230 781 414 330 664 334 0 255 244 11 156 90 100 300 77 179 664 664 661 
213 78 598 269 597 37 917 179 737 189 72 117 233 21 30 225 121 189 100 300 77 179 189 189 187 
545 649 979 248 643 763 872 686 991 605 364 241 75 179 0 255 20 144 100 300 77 179 605 605 600 
345 620 127 594 887 133 372 91 186 666 682 16 255 0 156 99 236 188 100 300 77 179 673 674 670 
5 463 565 368 25 687 692 387 444 324 225 99 255 0 135 120 13 59 100 300 77 179 270 324 268 
435 146 1010 867 949 892 403 385 26 625 1001 376 0 255 197 58 89 50 100 300 77 179 1001 1001 997 
705 216 114 964 874 882 128 234 863 271 1300 1029 0 255 205 50 70 79 100 300 77 179 1300 754 751 
389 428 67 968 808 667 997 133 527 456 956 500 0 255 135 120 33 164 100 300 77 179 717 456 454 
416 707 711 308 851 788 1009 626 374 894 544 350 0 255 38 217 248 180 100 300 77 179 894 691 688 
784 181 246 925 750 894 273 871 847 493 1155 662 0 255 224 31 13 64 100 300 77 179 1155 493 491 
873 974 134 307 53 559 446 201 209 343 314 29 255 0 22 233 1 47 100 300 77 179 343 343 341 
666 609 963 654 459 385 8 221 453 364 506 142 201 53 86 169 35 22 100 300 77 179 410 506 426 
3 816 300 727 453 302 268 281 75 756 598 158 181 73 202 53 76 12 100 300 77 179 598 598 593 
343 882 155 316 543 551 812 62 862 443 463 20 255 0 237 18 193 30 100 300 77 179 463 463 461 
128 306 385 671 866 796 714 489 401 698 892 194 135 119 140 115 151 15 100 300 77 179 801 892 837 
940 493 75 350 553 619 794 676 670 458 544 86 255 0 147 108 73 198 100 300 77 179 505 458 503 
533 481 126 861 158 784 49 781 358 487 858 371 0 255 117 138 12 74 100 300 77 179 654 487 485 
762 947 769 148 354 914 145 870 488 773 480 293 8 246 236 19 138 134 100 300 77 179 480 624 614 
861 183 282 159 802 627 645 748 121 621 562 59 255 0 248 7 31 229 100 300 77 179 562 621 559 
81 894 618 867 731 981 198 76 86 809 1085 276 30 224 245 10 246 237 100 300 77 179 1085 949 957 
702 141 662 416 719 229 1018 103 836 96 262 166 170 84 174 81 100 227 100 300 77 179 208 96 169 
391 456 892 905 212 814 707 634 414 451 566 115 235 19 37 218 11 62 100 300 77 179 451 451 447 
176 266 978 622 622 256 803 11 126 374 306 68 255 0 164 91 229 98 100 300 77 179 328 306 326 
784 908 77 360 986 573 869 871 740 1001 723 278 28 226 241 14 177 17 100 300 77 179 723 723 717 
296 201 161 302 263 221 538 328 291 249 218 31 255 0 19 236 225 35 100 300 77 179 249 218 248 
681 1 910 509 958 17 713 796 667 541 336 205 121 133 140 115 131 103 100 300 77 179 426 426 422 
553 279 158 902 192 445 371 901 819 343 638 295 6 248 1 254 150 103 100 300 77 179 343 638 626 
31 442 422 905 231 997 521 840 208 697 830 133 212 42 48 207 226 186 100 300 77 179 697 769 703 
769 413 738 426 1009 551 433 72 865 338 700 362 0 255 167 88 93 178 100 300 77 179 572 338 336 
279 148 311 114 1005 829 478 389 708 524 777 253 59 195 26 229 7 50 100 300 77 179 524 524 519 
269 1010 211 54 88 366 853 29 135 463 -11 474 0 255 47 208 242 254 100 300 77 179 463 231 230 
972 981 231 266 392 895 981 645 285 694 474 220 102 153 23 232 51 189 100 300 77 179 694 694 691 
697 541 856 477 329 600 654 17 37 259 325 66 255 0 14 241 16 18 100 300 77 179 259 290 257 
986 85 465 978 520 215 1021 992 688 380 485 105 248 6 19 236 53 11 100 300 77 179 380 485 379 
517 972 590 449 615 219 688 331 648 667 321 346 0 255 90 165 38 21 100 300 77 179 542 321 319 
755 856 375 129 75 912 240 784 498 545 404 141 202 52 203 52 78 129 100 300 77 179 404 545 429 
825 767 881 566 813 971 762 63 194 566 764 198 130 124 190 65 27 249 100 300 77 179 710 566 634 
791 1017 324 750 834 424 456 589 780 827 809 18 255 0 157 98 80 204 100 300 77 179 812 827 808 
780 251 519 150 132 675 74 206 870 -118 331 449 0 255 151 104 172 246 100 300 77 179 147 -118 0 
823 768 816 280 422 279 219 291 700 360 232 128 219 35 110 145 142 51 100 300 77 179 303 232 290 
623 806 62 1011 635 996 874 40 455 472 1087 615 0 255 82 173 39 222 100 300 77 179 667 472 470 
360 408 932 407 485 914 703 675 792 495 494 1 255 0 206 49 81 2 100 300 77 179 494 494 492 
935 99 884 979 884 689 568 461 337 404 912 508 0 255 22 233 84 216 100 300 77 179 404 404 402 
83 143 293 847 567 327 797 897 583 637 597 40 255 0 142 113 181 84 100 300 77 179 612 597 609 
959 120 812 337 117 562 665 627 769 0 138 138 206 48 41 214 197 196 100 300 77 179 0 69 12 
874 555 608 269 507 1014 137 338 15 478 708 230 89 165 206 49 185 204 100 300 77 179 708 587 624 
409 838 708 936 656 676 13 883 192 1038 954 84 255 0 67 188 46 137 100 300 77 179 1011 1038 1007 
530 716 802 261 936 335 180 234 142 776 520 256 56 198 146 109 163 63 100 300 77 179 626 520 539 
603 368 736 343 489 228 434 636 93 573 237 336 0 255 38 217 38 22 100 300 77 179 573 237 236 
693 565 824 409 587 277 620 934 584 723 274 449 0 255 251 4 4 117 100 300 77 179 274 723 720 
515 730 706 1015 274 563 60 257 550 365 734 369 0 255 124 131 77 35 100 300 77 179 542 734 731 
349 858 644 251 489 1015 743 29 565 459 530 71 255 0 162 93 96 65 100 300 77 179 502 530 500 
571 772 98 426 508 878 608 654 59 811 730 81 255 0 123 132 32 171 100 300 77 179 768 811 765 
784 125 734 699 34 951 543 208 583 -158 523 681 0 255 175 80 67 110 100 300 77 179 308 -158 0 
799 944 403 398 681 976 939 376 575 658 693 35 255 0 204 51 229 235 100 300 77 179 693 675 690 
422 207 204 2 1006 941 793 812 564 766 725 41 255 0 181 74 15 15 100 300 77 179 734 745 731 
620 252 1 783 435 1012 71 127 990 4 1097 1093 0 255 223 32 61 131 100 300 77 179 1097 4 3 
80 650 630 695 858 786 55 83 555 637 999 362 0 255 82 173 62 5 100 300 77 179 750 999 995 
174 972 346 509 378 676 476 913 265 1022 576 446 0 255 173 82 135 11 100 300 77 179 716 576 573 
693 305 107 478 697 797 846 437 515 417 748 331 0 255 161 94 185 105 100 300 77 179 623 748 745 
364 328 473 679 660 351 602 866 182 791 576 215 108 146 75 180 11 203 100 300 77 179 724 791 756 
814 404 327 1014 563 14 878 607 881 363 495 132 214 40 198 57 26 100 100 300 77 179 495 363 470 
998 522 402 568 997 458 883 146 97 559 691 132 214 40 88 167 18 138 100 300 77 179 602 559 590 
987 287 81 149 166 550 479 271 690 -57 293 350 0 255 31 224 64 150 100 300 77 179 -57 -57 0 
359 534 342 24 410 516 132 627 985 450 357 93 255 0 22 233 78 134 100 300 77 179 450 450 448 
457 961 737 754 653 36 656 325 103 829 373 456 0 255 20 235 230 64 100 300 77 179 829 373 371 
506 397 269 269 715 58 806 299 858 364 252 112 239 15 123 132 59 56 100 300 77 179 308 306 305 
321 1018 193 870 863 540 680 378 324 968 918 50 255 0 206 49 26 54 100 300 77 179 918 968 914 
456 395 792 485 815 25 1022 289 785 438 208 230 89 165 8 247 221 189 100 300 77 179 438 314 354 
111 886 840 3 675 646 215 444 954 737 398 339 0 255 116 139 28 173 100 300 77 179 580 737 734 
994 445 243 907 974 400 780 102 229 455 885 430 0 255 26 229 5 131 100 300 77 179 455 455 453 
264 34 766 554 902 574 990 769 971 544 577 33 255 0 188 67 67 22 100 300 77 179 566 577 563 
701 829 154 321 498 719 609 55 993 267 578 311 0 255 146 109 146 147 100 300 77 179 443 421 419 
614 139 35 423 279 705 1008 252 783 -14 442 456 0 255 169 86 136 229 100 300 77 179 287 -14 0 
682 555 91 28 981 749 911 915 812 851 629 222 99 155 136 119 87 71 100 300 77 179 729 728 722 
485 8 434 734 419 618 604 1001 282 522 626 104 249 5 10 245 222 226 100 300 77 179 522 573 518 
380 152 173 166 608 871 45 603 253 523 768 245 70 184 55 200 185 46 100 300 77 179 523 768 695 
109 463 198 380 187 907 218 555 169 532 633 101 253 1 114 141 209 120 100 300 77 179 574 633 569 
899 671 560 530 435 830 656 188 1020 167 593 426 0 255 124 131 129 194 100 300 77 179 372 167 166 
690 741 227 391 354 861 997 288 998 270 497 227 93 161 153 102 47 118 100 300 77 179 404 270 316 
127 716 775 490 698 734 217 143 491 625 714 89 255 0 254 1 224 9 100 300 77 179 714 714 711 
970 913 217 1004 260 641 530 506 252 534 766 232 86 168 16 239 42 169 100 300 77 179 534 534 529 
722 877 276 22 570 203 941 281 234 625 93 532 0 255 132 123 65 4 100 300 77 179 348 93 92 
998 919 981 863 389 91 749 698 445 642 238 404 0 255 36 219 78 173 100 300 77 179 642 642 639 
515 751 662 69 1017 185 471 573 671 874 352 522 0 255 207 48 197 75 100 300 77 179 352 352 350 
184 861 669 621 488 625 386 886 491 949 603 346 0 255 117 138 76 141 100 300 77 179 787 949 945 
589 147 737 204 285 714 194 431 212 230 369 139 205 49 35 220 207 83 100 300 77 179 230 369 254 
491 68 83 324 321 345 669 429 851 74 307 233 85 169 222 33 140 86 100 300 77 179 307 307 304 
554 256 376 869 885 75 966 15 81 419 578 159 179 75 192 63 95 53 100 300 77 179 536 578 544 
855 877 790 356 989 332 577 226 600 682 497 185 146 108 80 175 179 18 100 300 77 179 621 497 563 
93 188 196 160 278 186 36 72 22 241 254 13 255 0 156 99 69 119 100 300 77 179 247 241 246 
179 829 19 525 938 765 797 373 985 779 910 131 215 39 90 165 222 187 100 300 77 179 822 850 819 
432 526 343 117 804 486 146 497 927 574 582 8 255 0 112 143 167 117 100 300 77 179 575 578 572 
118 357 304 5 170 894 751 71 152 231 271 40 255 0 239 16 224 82 100 300 77 179 271 271 269 
473 734 438 548 972 509 836 752 161 1071 696 375 0 255 201 54 3 184 100 300 77 179 696 1071 1066 
503 345 772 722 452 840 834 834 512 562 606 44 255 0 41 214 148 231 100 300 77 179 562 562 559 
296 362 337 743 714 285 887 87 69 490 565 75 255 0 246 9 159 196 100 300 77 179 565 523 562 
148 321 0 572 943 455 357 524 91 834 895 61 255 0 194 61 99 37 100 300 77 179 876 895 872 
393 278 306 11 244 472 144 384 463 240 251 11 255 0 134 121 140 84 100 300 77 179 244 251 243 
219 152 573 336 668 809 829 698 289 633 556 77 255 0 132 123 140 122 100 300 77 179 590 591 587 
145 349 884 252 190 538 391 863 725 483 172 311 0 255 174 81 79 3 100 300 77 179 269 172 171 
331 766 228 977 15 831 201 259 459 323 803 480 0 255 148 107 151 246 100 300 77 179 599 323 321 
487 636 631 631 382 710 311 387 774 388 627 239 77 177 129 126 156 102 100 300 77 179 506 627 585 
202 515 480 142 478 491 43 93 325 411 425 14 255 0 253 2 157 192 100 300 77 179 425 417 423 
282 546 23 842 246 667 643 163 774 214 712 498 0 255 84 171 60 181 100 300 77 179 376 214 213 
334 526 442 817 555 938 142 922 282 848 1009 161 177 77 240 15 16 140 100 300 77 179 1009 848 952 
12 143 875 653 848 715 143 684 477 715 854 139 205 49 236 19 225 180 100 300 77 179 854 792 835 
658 262 719 752 781 403 63 716 404 614 773 159 179 75 213 42 62 245 100 300 77 179 773 614 720 
927 326 784 772 610 146 47 882 606 527 557 30 255 0 20 235 63 215 100 300 77 179 527 527 524 
73 833 904 378 818 829 182 710 676 993 741 252 61 193 252 3 97 186 100 300 77 179 741 993 925 
77 76 547 393 383 995 729 353 249 324 566 242 73 181 192 63 225 88 100 300 77 179 504 566 543 
75 565 426 229 489 510 616 292 551 517 353 164 173 81 132 123 121 148 100 300 77 179 430 443 430 
399 941 691 298 985 16 227 847 796 1087 421 666 0 255 77 178 220 236 100 300 77 179 882 765 762 
768 452 555 895 999 609 599 903 809 782 963 181 151 103 130 125 140 163 100 300 77 179 870 865 861 
338 336 151 743 377 620 6 142 986 97 831 734 0 255 183 72 233 185 100 300 77 179 621 506 504 
509 651 495 421 280 905 926 468 429 465 448 17 255 0 140 115 201 14 100 300 77 179 453 448 451 
476 792 720 691 793 465 230 957 637 992 736 256 56 198 186 69 213 151 100 300 77 179 802 842 826 
403 632 692 17 755 55 248 745 446 854 177 677 0 255 0 255 55 98 100 300 77 179 854 854 850 
741 784 246 36 974 542 164 371 283 809 674 135 210 44 148 107 163 30 100 300 77 179 727 674 712 
32 491 157 947 421 413 156 895 897 670 811 141 202 52 23 232 84 176 100 300 77 179 670 670 664 
174 353 373 349 936 175 197 988 471 978 587 391 0 255 187 68 22 54 100 300 77 179 688 978 974 
583 331 979 603 122 283 149 735 772 255 222 33 255 0 216 39 41 108 100 300 77 179 222 255 221 
820 211 672 296 701 315 964 244 714 194 246 52 255 0 35 220 113 164 100 300 77 179 194 194 193 
87 523 254 383 603 1018 39 271 309 599 929 330 0 255 52 203 161 182 100 300 77 179 599 753 750 
547 76 156 699 341 861 969 768 27 450 668 218 104 150 189 66 85 204 100 300 77 179 609 450 511 
170 651 146 838 182 183 155 444 900 371 527 156 183 71 127 128 144 22 100 300 77 179 446 527 464 
454 720 1004 366 117 266 1018 856 767 542 -131 673 0 255 194 61 248 225 100 300 77 179 29 189 188 
655 925 829 619 877 160 330 518 402 896 538 358 0 255 71 184 226 78 100 300 77 179 793 538 535 
846 187 870 302 31 379 394 876 943 100 40 60 255 0 65 190 147 83 100 300 77 179 84 40 83 
485 760 686 65 922 737 453 176 425 702 577 125 223 31 0 255 139 143 100 300 77 179 702 640 689 
66 395 516 888 765 762 867 242 345 598 862 264 45 209 245 10 36 26 100 300 77 179 862 751 764 
929 117 761 741 125 1007 212 255 497 -109 692 801 0 255 74 181 182 146 100 300 77 179 122 335 333 
727 103 321 949 913 612 508 844 834 540 1029 489 0 255 36 219 154 201 100 300 77 179 540 752 749 
765 10 197 393 448 912 951 616 745 160 590 430 0 255 228 27 92 51 100 300 77 179 590 590 587 
542 948 214 1004 425 274 747 546 383 729 612 117 233 21 97 158 55 215 100 300 77 179 681 729 679 
73 370 112 934 41 233 359 911 495 519 486 33 255 0 53 202 81 229 100 300 77 179 519 519 516 
7 177 785 179 519 300 893 842 1021 512 79 433 0 255 95 160 129 190 100 300 77 179 349 512 510 
409 953 437 43 161 369 60 862 910 658 161 497 0 255 15 240 51 22 100 300 77 179 658 161 160 
586 447 90 793 750 148 629 816 839 651 666 15 255 0 93 162 206 15 100 300 77 179 653 666 650 
92 824 559 915 191 851 64 613 61 775 822 47 255 0 59 196 56 66 100 300 77 179 782 796 778 
613 710 943 670 648 411 366 464 858 544 538 6 255 0 99 156 226 206 100 300 77 179 539 540 536 
841 884 346 64 273 94 686 966 671 684 -42 726 0 255 106 149 61 89 100 300 77 179 380 684 681 
715 499 839 337 96 850 436 262 619 96 323 227 93 161 147 108 245 16 100 300 77 179 225 323 284 
735 922 199 918 840 681 671 547 151 934 1003 69 255 0 156 99 95 111 100 300 77 179 972 965 968 
612 898 118 1008 876 451 850 299 522 753 926 173 161 93 191 64 96 67 100 300 77 179 879 926 889 
268 596 453 456 1001 809 216 970 59 1202 965 237 80 174 6 249 53 75 100 300 77 179 1202 1103 1125 
374 869 963 65 418 969 227 48 7 573 429 144 198 56 56 199 171 33 100 300 77 179 573 429 537 
720 393 370 984 89 261 422 720 765 229 469 240 76 178 9 246 199 80 100 300 77 179 229 469 394 
423 89 357 132 311 967 787 840 117 485 419 66 255 0 51 204 151 2 100 300 77 179 485 419 483 
278 676 205 701 109 457 129 531 262 523 549 26 255 0 40 215 107 142 100 300 77 179 523 534 520 
307 752 347 45 417 329 366 55 765 344 217 127 220 34 20 235 74 106 100 300 77 179 344 344 341 
715 234 817 778 348 236 725 415 966 79 296 217 105 149 166 89 26 199 100 300 77 179 219 79 135 
713 110 211 954 209 41 554 4 589 -164 411 575 0 255 113 142 215 151 100 300 77 179 90 173 172 
54 703 131 963 39 721 783 717 403 615 633 18 255 0 227 28 119 156 100 300 77 179 633 622 630 
133 854 457 942 788 220 144 115 229 788 825 37 255 0 56 199 56 113 100 300 77 179 788 788 784 
316 837 600 891 752 718 873 137 131 751 812 61 255 0 116 139 73 171 100 300 77 179 775 751 771 
236 213 623 626 1017 1012 739 847 373 885 988 103 251 3 37 218 199 164 100 300 77 179 885 941 878 
1014 792 992 149 734 294 616 478 581 604 186 418 0 255 233 22 106 22 100 300 77 179 186 186 185 
785 380 499 299 626 868 653 509 942 326 609 283 21 233 88 167 5 12 100 300 77 179 422 326 331 
814 993 758 285 730 100 935 802 155 1021 135 886 0 255 107 148 243 48 100 300 77 179 646 135 134 
279 55 151 82 727 71 536 796 73 701 268 433 0 255 168 87 110 100 100 300 77 179 414 474 472 
618 1019 130 202 908 61 85 599 38 1099 532 567 0 255 26 229 101 137 100 300 77 179 1099 858 854 
220 394 934 370 554 187 349 870 986 608 235 373 0 255 136 119 226 191 100 300 77 179 407 405 403 
142 4 809 525 236 719 665 888 355 441 371 70 255 0 84 171 74 3 100 300 77 179 416 371 414 
286 877 154 565 62 865 984 308 238 493 461 32 255 0 238 17 214 198 100 300 77 179 461 476 459 
519 595 599 430 852 158 111 535 565 720 544 176 158 96 41 214 38 15 100 300 77 179 720 544 648 
442 501 5 267 350 13 716 868 430 642 134 508 0 255 206 49 252 110 100 300 77 179 134 134 133 
984 445 212 207 773 966 880 416 973 327 699 372 0 255 119 136 180 125 100 300 77 179 498 699 696 
374 627 668 218 571 978 904 993 646 840 490 350 0 255 103 152 113 1 100 300 77 179 695 490 488 
342 787 660 458 961 1001 503 451 816 809 919 110 242 12 30 225 210 190 100 300 77 179 809 866 805 
600 309 598 588 211 58 234 1011 824 408 221 187 144 110 10 245 138 67 100 300 77 179 408 221 324 
520 595 46 895 495 198 1003 923 642 715 532 183 149 105 94 161 236 229 100 300 77 179 645 622 630 
53 90 244 342 873 15 264 737 90 814 487 327 0 255 219 36 42 115 100 300 77 179 487 814 810 
290 560 993 152 888 499 604 3 496 529 370 159 179 75 186 69 136 251 100 300 77 179 411 529 442 
513 50 113 482 168 465 631 117 84 18 372 354 0 255 4 251 22 105 100 300 77 179 18 18 17 
452 875 246 862 383 19 763 168 20 594 380 214 109 145 149 106 203 173 100 300 77 179 467 478 469 
304 547 178 544 217 700 397 234 588 275 587 312 0 255 33 222 72 19 100 300 77 179 275 587 584 
398 890 625 375 659 631 345 169 966 518 589 71 255 0 130 125 243 119 100 300 77 179 552 589 549 
954 809 505 13 245 447 908 934 638 596 -2 598 0 255 119 136 210 92 100 300 77 179 315 -2 0 
682 356 126 477 40 559 984 188 42 112 260 148 193 61 113 142 100 247 100 300 77 179 176 112 159 
684 746 112 506 946 687 433 326 1014 585 933 348 0 255 192 63 83 96 100 300 77 179 843 746 743 
581 749 419 627 994 875 393 279 853 652 1045 393 0 255 125 130 120 37 100 300 77 179 841 1045 1040 
102 309 1006 79 268 371 658 98 25 306 -57 363 0 255 79 176 243 230 100 300 77 179 192 119 118 
745 670 630 218 724 191 914 59 330 458 181 277 29 225 217 38 30 191 100 300 77 179 181 458 423 
483 309 616 217 711 302 196 330 954 316 411 95 255 0 170 85 191 248 100 300 77 179 377 357 375 
437 309 874 406 751 655 885 399 1016 365 466 101 253 1 80 175 10 88 100 300 77 179 395 365 391 
849 840 335 937 643 73 694 367 157 673 569 104 249 5 12 243 207 226 100 300 77 179 673 623 666 
12 255 54 359 382 716 451 899 208 712 603 109 243 11 27 228 59 155 100 300 77 179 712 712 706 
609 547 667 776 312 300 530 736 932 412 396 16 255 0 82 173 57 29 100 300 77 179 405 396 403 
331 41 337 111 598 906 919 547 772 317 494 177 156 98 106 149 6 51 100 300 77 179 389 317 358 
231 571 78 429 590 860 689 829 77 918 748 170 165 89 145 110 27 182 100 300 77 179 818 918 846 
324 704 896 3 439 346 803 788 673 716 -31 747 0 255 99 156 60 31 100 300 77 179 424 -31 0 
214 636 605 988 526 962 236 571 85 792 1028 236 81 173 210 45 44 143 100 300 77 179 1028 792 860 
832 970 664 203 84 375 1007 286 232 404 -87 491 0 255 34 221 229 109 100 300 77 179 404 -87 0 
574 14 488 853 59 327 394 743 989 17 398 381 0 255 247 8 159 217 100 300 77 179 398 178 177 
295 386 235 1006 7 709 387 730 130 456 706 250 63 191 19 236 144 228 100 300 77 179 456 456 452 
624 824 34 632 369 143 131 36 411 356 531 175 159 95 248 7 226 152 100 300 77 179 531 531 526 
406 19 789 710 41 751 830 66 497 -163 346 509 0 255 253 2 99 178 100 300 77 179 346 -163 0 
219 510 56 36 500 301 66 716 322 729 388 341 0 255 199 56 46 6 100 300 77 179 388 388 386 
794 422 491 252 381 859 900 247 712 148 398 250 63 191 68 187 112 24 100 300 77 179 213 398 349 
305 986 426 943 640 718 567 390 464 816 903 87 255 0 231 24 173 29 100 300 77 179 903 903 899 
378 867 281 447 325 128 654 711 951 619 216 403 0 255 198 57 81 154 100 300 77 179 216 619 616 
144 5 430 914 159 317 982 990 874 322 342 20 255 0 227 28 86 223 100 300 77 179 342 322 340 
275 808 572 63 622 776 979 70 222 627 343 284 20 234 190 65 171 144 100 300 77 179 413 472 463 
151 991 1015 310 55 983 438 220 319 516 311 205 121 133 238 17 248 22 100 300 77 179 311 311 308 
987 626 819 960 79 972 247 222 112 189 740 551 0 255 137 118 64 213 100 300 77 179 483 189 188 
100 811 574 0 545 217 600 472 704 712 87 625 0 255 62 193 239 175 100 300 77 179 557 351 349 
951 427 832 450 780 8 1017 76 173 361 157 204 122 132 131 124 198 91 100 300 77 179 255 157 202 
300 155 926 279 349 51 209 535 242 383 55 328 0 255 150 105 207 98 100 300 77 179 189 55 54 
800 731 1022 20 674 545 979 711 478 738 120 618 0 255 75 180 107 101 100 300 77 179 554 420 418 
105 489 793 483 326 396 722 918 772 647 224 423 0 255 34 221 29 24 100 300 77 179 647 415 413 
278 51 169 991 181 471 740 503 574 154 593 439 0 255 192 63 246 99 100 300 77 179 482 593 590 
666 53 913 908 1014 392 351 724 629 572 842 270 38 216 216 39 240 250 100 300 77 179 842 704 718 
923 32 88 368 112 408 754 893 333 205 234 29 255 0 230 25 165 106 100 300 77 179 234 234 233 
848 1012 387 496 630 417 638 620 823 714 516 198 130 124 150 105 69 118 100 300 77 179 595 714 647 
442 367 932 354 550 210 509 167 534 298 197 101 253 1 182 73 75 151 100 300 77 179 225 298 223 
863 922 797 223 648 729 3 617 963 638 600 38 255 0 22 233 57 235 100 300 77 179 638 638 635 
205 310 694 220 468 528 436 501 191 541 326 215 108 146 26 229 239 32 100 300 77 179 541 326 414 
342 823 144 556 889 963 468 269 188 857 1050 193 136 118 177 78 31 38 100 300 77 179 987 943 959 
718 410 254 301 545 167 19 1 512 170 438 268 40 214 233 22 241 87 100 300 77 179 438 438 434 
554 357 514 91 283 387 802 149 401 155 51 104 249 5 236 19 63 186 100 300 77 179 51 155 52 
313 483 673 699 447 24 420 859 937 581 311 270 38 216 147 108 214 90 100 300 77 179 423 311 325 
871 911 642 408 256 1019 651 771 900 526 519 7 255 0 118 137 69 120 100 300 77 179 520 526 517 
30 233 552 408 772 851 572 578 612 631 734 103 251 3 144 111 121 86 100 300 77 179 686 691 680 
830 816 288 217 256 218 566 537 311 520 132 388 0 255 212 43 20 102 100 300 77 179 132 520 517 
920 894 230 239 954 665 286 120 724 573 800 227 93 161 146 109 32 42 100 300 77 179 700 671 676 
738 28 272 983 25 814 802 99 730 -291 642 933 0 255 11 244 15 201 100 300 77 179 -291 -291 0 
793 1010 966 749 979 132 683 388 551 853 518 335 0 255 239 16 227 57 100 300 77 179 518 518 515 
89 220 696 442 496 736 324 855 838 554 582 28 255 0 77 178 207 6 100 300 77 179 560 582 557 
856 500 105 592 155 940 743 149 212 134 632 498 0 255 125 130 74 168 100 300 77 179 376 134 133 
104 787 301 165 262 992 208 926 165 920 582 338 0 255 120 135 239 34 100 300 77 179 757 582 579 
803 679 747 179 376 724 422 251 902 227 348 121 228 26 177 78 173 7 100 300 77 179 309 348 310 
661 57 754 1007 718 762 592 970 97 683 907 224 96 158 233 22 124 84 100 300 77 179 907 907 899 
878 26 219 495 919 739 889 416 97 437 799 362 0 255 7 248 131 127 100 300 77 179 437 620 617 
805 835 747 788 340 601 824 166 609 317 472 155 184 70 241 14 111 66 100 300 77 179 472 472 468 
955 182 1015 738 541 286 128 135 763 0 497 497 0 255 87 168 94 104 100 300 77 179 168 235 234 
852 633 174 92 250 91 181 187 302 246 128 118 232 22 160 95 194 130 100 300 77 179 171 128 165 
700 315 298 392 314 421 461 236 939 23 374 351 0 255 209 46 242 211 100 300 77 179 374 210 209 
241 616 553 797 897 376 835 726 712 881 688 193 136 118 60 195 34 75 100 300 77 179 832 881 848 
129 393 986 231 288 742 148 864 782 545 347 198 130 124 206 49 229 225 100 300 77 179 347 445 391 
15 568 796 81 247 465 475 909 275 790 78 712 0 255 31 224 60 65 100 300 77 179 790 448 446 
81 685 536 699 502 288 536 946 770 854 476 378 0 255 126 129 227 233 100 300 77 179 664 667 664 
465 333 344 262 240 368 289 1008 503 549 277 272 35 219 176 79 39 113 100 300 77 179 359 549 518 
164 410 610 864 929 147 573 397 309 749 674 75 255 0 191 64 248 90 100 300 77 179 690 674 687 
517 813 703 268 640 292 133 777 655 822 392 430 0 255 131 124 177 112 100 300 77 179 598 392 390 
180 975 21 585 1018 171 516 418 959 921 752 169 167 87 125 130 179 92 100 300 77 179 834 752 799 
357 958 741 848 499 580 745 682 254 917 592 325 0 255 76 179 122 244 100 300 77 179 816 917 913 
661 696 964 1020 427 783 457 689 96 716 759 43 255 0 174 81 72 59 100 300 77 179 742 739 739 
265 991 803 722 1004 707 209 525 482 1073 964 109 243 11 119 136 241 151 100 300 77 179 1018 964 1007 
164 988 618 792 597 709 847 224 255 800 683 117 233 21 151 104 42 168 100 300 77 179 727 800 727 
748 145 430 218 288 701 780 363 611 58 301 243 72 182 43 212 63 13 100 300 77 179 58 301 230 
170 812 63 96 443 12 175 1003 556 947 217 730 0 255 233 22 248 31 100 300 77 179 217 217 216 
5 14 995 368 454 441 209 481 707 297 331 34 255 0 113 142 106 58 100 300 77 179 310 331 308 
880 961 323 992 908 840 659 854 48 1129 1126 3 255 0 150 105 253 65 100 300 77 179 1122 1126 1117 
108 248 330 570 303 724 445 865 254 617 605 12 255 0 209 46 210 65 100 300 77 179 605 605 602 
750 679 804 771 1020 788 901 358 828 634 863 229 90 164 247 8 60 107 100 300 77 179 863 634 709 
1019 625 18 980 56 990 425 870 907 295 903 608 0 255 122 133 23 125 100 300 77 179 583 295 293 
641 619 592 688 399 40 90 1014 268 788 393 395 0 255 11 244 188 90 100 300 77 179 788 393 391 
780 802 28 821 934 977 958 906 855 913 1119 206 119 135 232 23 144 224 100 300 77 179 1119 913 1001 
215 803 429 645 1018 146 377 17 527 734 703 31 255 0 157 98 37 27 100 300 77 179 712 716 709 
979 921 820 90 25 853 150 946 954 463 241 222 99 155 27 228 223 103 100 300 77 179 463 241 324 
142 815 135 499 776 978 964 329 945 688 852 164 173 81 159 96 164 155 100 300 77 179 787 772 776 
48 692 988 945 425 329 126 765 324 847 570 277 29 225 7 248 186 174 100 300 77 179 847 703 713 
526 826 915 1015 413 243 140 442 859 495 571 76 255 0 174 81 77 94 100 300 77 179 544 529 541 
182 367 261 392 200 457 84 267 483 251 438 187 144 110 110 145 5 40 100 300 77 179 330 251 293 
676 598 185 357 641 523 861 104 983 257 498 241 75 179 39 216 187 253 100 300 77 179 257 359 326 
480 474 624 981 288 954 261 800 315 583 890 307 0 255 69 186 37 250 100 300 77 179 663 583 580 
64 764 310 702 659 121 445 286 132 805 552 253 59 195 138 117 84 16 100 300 77 179 665 552 573 
89 418 748 864 417 714 442 222 735 323 700 377 0 255 104 151 234 164 100 300 77 179 474 544 541 
392 363 171 589 707 621 968 774 213 770 673 97 255 0 156 99 179 217 100 300 77 179 707 726 704 
502 882 698 124 959 7 166 645 210 1065 329 736 0 255 173 82 140 199 100 300 77 179 563 761 758 
277 255 956 153 228 582 684 292 536 184 71 113 238 16 56 199 144 93 100 300 77 179 184 71 175 
501 449 955 966 868 103 844 294 539 546 519 27 255 0 26 229 115 76 100 300 77 179 546 519 543 
630 366 625 872 873 559 653 323 79 604 832 228 91 163 2 253 162 122 100 300 77 179 604 734 682 
47 563 350 20 659 562 424 823 162 970 427 543 0 255 191 64 124 107 100 300 77 179 561 678 675 
696 1017 1005 1021 531 679 829 232 686 544 656 112 239 15 132 123 61 111 100 300 77 179 599 544 591 
636 678 668 940 621 58 424 483 289 659 536 123 225 29 69 186 148 136 100 300 77 179 623 594 614 
367 560 93 293 503 572 430 522 405 600 553 47 255 0 37 218 225 90 100 300 77 179 600 553 597 
595 601 644 618 724 738 421 189 24 602 774 172 163 91 103 152 220 223 100 300 77 179 668 687 669 
824 558 705 694 831 133 173 717 359 757 609 148 193 61 160 95 211 65 100 300 77 179 661 609 643 
886 972 465 333 161 828 824 703 228 639 338 301 0 255 85 170 12 42 100 300 77 179 536 639 636 
401 913 678 336 843 247 928 298 637 767 311 456 0 255 205 50 8 224 100 300 77 179 311 767 764 
1011 664 387 748 941 506 184 484 73 774 955 181 151 103 233 22 130 64 100 300 77 179 955 955 947 
413 981 672 787 117 270 829 776 432 725 211 514 0 255 175 80 175 46 100 300 77 179 370 211 210 
12 28 103 862 105 328 746 374 521 120 436 316 0 255 66 189 147 119 100 300 77 179 201 294 292 
747 107 1002 424 813 440 829 495 551 383 381 2 255 0 2 253 154 58 100 300 77 179 383 381 381 
705 528 200 858 99 277 455 587 109 403 453 50 255 0 28 227 4 108 100 300 77 179 403 403 401 
307 278 670 783 931 490 894 84 689 398 711 313 0 255 188 67 98 168 100 300 77 179 626 398 396 
19 612 342 116 683 555 181 405 503 720 546 174 160 94 111 144 162 38 100 300 77 179 641 546 601 
950 890 271 520 501 42 413 387 170 609 361 248 66 188 216 39 166 132 100 300 77 179 361 470 438 
737 83 949 34 231 511 145 257 929 -132 114 246 68 186 137 118 218 133 100 300 77 179 0 114 82 
869 243 118 662 110 292 100 292 933 -128 478 606 0 255 131 124 67 87 100 300 77 179 182 135 134 
502 810 262 632 1018 13 469 532 897 831 649 182 150 104 38 217 47 237 100 300 77 179 831 831 824 
802 163 958 66 389 707 28 907 937 294 334 40 255 0 111 144 58 155 100 300 77 179 310 294 308 
946 650 56 1014 302 245 394 267 229 316 668 352 0 255 93 162 44 195 100 300 77 179 442 316 314 
597 322 925 918 444 72 659 857 924 431 322 109 243 11 158 97 108 1 100 300 77 179 362 322 357 
992 542 348 605 911 463 710 935 113 917 724 193 136 118 56 199 124 203 100 300 77 179 917 917 909 
451 173 903 29 367 884 752 671 507 366 226 140 204 51 25 230 67 118 100 300 77 179 366 366 364 
523 610 481 423 524 160 247 200 716 358 372 14 255 0 139 116 25 88 100 300 77 179 364 358 362 
904 118 889 731 171 903 79 719 684 106 660 554 0 255 175 80 252 15 100 300 77 179 484 660 657 
635 497 311 149 977 982 893 767 388 864 753 111 240 14 157 98 181 14 100 300 77 179 792 753 783 
578 557 996 121 649 150 219 35 791 278 156 122 226 28 65 190 200 155 100 300 77 179 245 209 239 
30 930 382 423 945 466 989 202 803 831 574 257 54 200 213 42 196 98 100 300 77 179 574 574 569 
970 552 559 303 766 120 169 1014 68 907 413 494 0 255 193 62 110 36 100 300 77 179 531 413 411 
51 988 233 395 151 594 442 105 5 608 401 207 118 136 100 155 224 74 100 300 77 179 524 401 454 
703 755 924 737 658 692 748 919 955 752 625 127 220 34 112 143 89 237 100 300 77 179 693 752 695 
975 70 349 14 405 618 149 415 77 182 394 212 112 142 157 98 84 21 100 300 77 179 311 394 354 
768 763 236 321 165 43 566 687 1010 362 63 299 1 253 229 26 37 22 100 300 77 179 63 63 62 
360 870 719 166 202 959 268 41 663 301 417 116 234 20 98 157 179 17 100 300 77 179 344 417 347 
952 260 687 258 966 333 958 267 861 293 368 75 255 0 165 90 161 76 100 300 77 179 340 368 338 
668 1001 717 362 757 301 480 775 553 960 410 550 0 255 206 49 38 51 100 300 77 179 410 725 722 
781 304 508 644 433 198 69 111 448 116 493 377 0 255 99 156 64 163 100 300 77 179 261 116 115 
662 636 30 254 729 750 908 551 195 744 632 112 239 15 196 59 157 239 100 300 77 179 655 744 655 
503 362 832 328 998 387 94 21 541 430 625 195 133 121 24 231 233 184 100 300 77 179 430 538 477 
468 277 850 58 568 608 314 374 1016 238 327 89 255 0 157 98 208 153 100 300 77 179 291 289 289 
55 60 444 702 688 367 502 177 114 421 642 221 100 154 146 109 94 91 100 300 77 179 545 533 533 
97 1007 432 783 762 886 828 533 262 1061 900 161 177 77 225 30 216 5 100 300 77 179 900 900 892 
61 705 266 21 605 40 105 369 8 821 240 581 0 255 118 137 29 183 100 300 77 179 549 821 817 
682 572 580 477 379 35 884 982 930 564 78 486 0 255 192 63 72 84 100 300 77 179 197 339 337 
481 582 616 243 589 376 277 1008 662 804 380 424 0 255 99 156 29 78 100 300 77 179 636 804 800 
42 388 740 794 102 941 702 117 776 99 558 459 0 255 190 65 208 152 100 300 77 179 439 364 362 
580 843 988 49 165 849 10 672 872 476 281 195 133 121 94 161 184 98 100 300 77 179 402 281 341 
952 482 536 36 226 826 113 450 692 168 382 214 109 145 117 138 5 176 100 300 77 179 265 168 207 
232 222 81 552 607 76 186 422 171 525 551 26 255 0 225 30 232 109 100 300 77 179 551 551 548 
133 518 814 613 696 477 728 295 29 714 507 207 118 136 127 128 49 245 100 300 77 179 608 714 659 
780 626 395 932 548 766 417 348 764 375 921 546 0 255 205 50 100 197 100 300 77 179 921 375 373 
519 403 391 903 747 783 500 417 894 430 993 563 0 255 63 192 4 24 100 300 77 179 566 430 428 
826 1004 506 439 712 223 78 471 393 789 541 248 66 188 61 194 193 246 100 300 77 179 726 679 685 
97 797 192 9 419 144 545 570 709 691 101 590 0 255 223 32 5 175 100 300 77 179 101 691 688 
1009 1008 466 356 1005 497 322 390 18 945 732 213 110 144 128 127 32 77 100 300 77 179 834 945 889 
261 2 790 677 407 512 626 136 289 135 444 309 0 255 213 42 220 13 100 300 77 179 444 444 442 
504 849 939 819 1001 584 65 88 999 593 951 358 0 255 114 141 228 232 100 300 77 179 750 770 766 
983 795 969 694 730 140 84 114 377 480 519 39 255 0 246 9 92 237 100 300 77 179 519 480 516 
98 124 499 943 137 147 340 465 8 336 403 67 255 0 104 151 46 222 100 300 77 179 361 336 359 
561 881 54 522 149 448 465 325 946 300 430 130 216 38 183 72 162 241 100 300 77 179 391 300 374 
747 533 662 752 891 887 234 307 419 574 1041 467 0 255 49 206 49 38 100 300 77 179 574 837 833 
874 952 797 161 745 197 468 875 134 1034 234 800 0 255 156 99 162 191 100 300 77 179 542 666 663 
262 561 959 971 619 829 322 278 438 554 889 335 0 255 190 65 118 250 100 300 77 179 800 554 551 
868 329 182 874 880 107 778 142 621 303 691 388 0 255 202 53 54 8 100 300 77 179 691 691 688 
821 40 758 347 425 198 968 138 480 -24 53 77 255 0 217 38 62 110 100 300 77 179 53 -24 52 
1017 948 44 560 1 741 633 380 300 335 481 146 196 58 14 241 178 227 100 300 77 179 335 399 346 
742 598 974 369 93 498 169 263 1 291 194 97 255 0 194 61 194 3 100 300 77 179 216 194 215 
126 82 79 604 507 504 663 860 17 689 623 66 255 0 215 40 196 73 100 300 77 179 623 623 620 
716 934 966 274 157 379 227 26 185 333 107 226 94 160 62 193 254 167 100 300 77 179 276 107 168 
120 843 748 730 570 389 355 87 217 665 569 96 255 0 22 233 193 17 100 300 77 179 665 569 662 
599 289 533 996 699 410 107 424 560 416 893 477 0 255 58 197 1 137 100 300 77 179 416 416 414 
900 387 845 156 614 857 329 415 424 376 520 144 198 56 147 108 32 26 100 300 77 179 457 455 452 
146 449 482 702 367 316 42 969 76 836 562 274 33 221 242 13 59 21 100 300 77 179 562 562 557 
745 771 915 616 492 328 473 467 603 528 372 156 183 71 187 68 254 211 100 300 77 179 411 442 416 
285 850 540 7 774 870 230 460 907 745 633 112 239 15 23 232 126 58 100 300 77 179 745 633 732 
113 460 32 239 502 352 604 237 910 344 387 43 255 0 144 111 211 42 100 300 77 179 366 387 364 
321 589 124 683 184 182 828 58 596 186 286 100 255 0 179 76 230 73 100 300 77 179 255 286 254 
879 419 1020 630 982 39 184 113 190 490 524 34 255 0 223 32 156 193 100 300 77 179 524 505 521 
557 201 778 176 881 850 766 737 535 636 568 68 255 0 232 23 71 28 100 300 77 179 568 568 565 
362 120 619 368 588 633 737 570 459 435 456 21 255 0 88 167 15 113 100 300 77 179 440 435 438 
225 741 759 266 4 803 1009 622 367 536 95 441 0 255 245 10 222 110 100 300 77 179 95 95 94 
156 666 164 326 152 164 257 493 437 507 216 291 11 243 228 27 73 76 100 300 77 179 216 364 354 
577 785 927 374 312 617 500 250 892 306 295 11 255 0 135 120 186 103 100 300 77 179 299 295 297 
738 719 304 82 633 479 974 342 709 485 277 208 117 137 118 137 64 121 100 300 77 179 387 485 436 
625 459 88 995 203 91 555 166 4 256 483 227 93 161 139 116 160 100 100 300 77 179 378 483 441 
580 85 512 88 257 177 33 896 59 459 124 335 0 255 119 136 154 91 100 300 77 179 301 124 123 
456 814 832 309 252 398 168 768 61 788 229 559 0 255 23 232 239 148 100 300 77 179 788 229 228 
877 389 368 298 87 660 954 556 685 125 192 67 255 0 235 20 146 232 100 300 77 179 192 125 191 
948 294 962 833 537 838 712 894 580 480 685 205 121 133 172 83 7 193 100 300 77 179 615 480 540 
179 572 544 311 716 973 557 265 21 727 724 3 255 0 193 62 2 67 100 300 77 179 721 727 718 
562 141 456 145 895 562 597 543 879 429 537 108 244 10 129 126 187 218 100 300 77 179 481 478 477 
116 443 291 888 68 625 352 275 583 218 630 412 0 255 33 222 34 238 100 300 77 179 218 218 217 
343 202 73 932 978 367 98 914 392 864 1096 232 86 168 40 215 163 9 100 300 77 179 864 1096 1009 
68 551 939 170 127 14 780 739 874 472 -274 746 0 255 63 192 156 12 100 300 77 179 286 -274 0 
115 356 482 81 697 537 527 962 134 946 405 541 0 255 165 90 216 88 100 300 77 179 593 405 403 
69 11 6 299 222 308 609 576 223 332 261 71 255 0 99 156 86 190 100 300 77 179 303 332 301 
377 432 584 601 29 93 512 939 253 542 86 456 0 255 166 89 16 4 100 300 77 179 244 86 85 
532 667 403 389 378 770 625 244 946 275 512 237 80 174 97 158 95 84 100 300 77 179 363 400 385 
924 476 519 813 138 209 194 1 877 -143 402 545 0 255 2 253 2 214 100 300 77 179 -143 -143 0 
787 876 954 15 194 710 999 588 575 490 -28 518 0 255 240 15 175 84 100 300 77 179 -28 -28 0 
347 955 314 39 580 665 755 978 313 1092 375 717 0 255 193 62 71 229 100 300 77 179 547 1092 1087 
686 298 330 733 188 450 372 218 545 45 510 465 0 255 212 43 120 161 100 300 77 179 510 243 242 
201 1020 2 629 843 423 916 523 983 897 717 180 153 102 155 100 169 234 100 300 77 179 784 821 795 
459 647 216 573 105 299 556 185 282 283 294 11 255 0 59 196 139 142 100 300 77 179 284 288 282 
634 0 192 487 18 485 78 256 594 -169 427 596 0 255 38 217 104 227 100 300 77 179 -169 -169 0 
874 555 471 152 500 582 349 427 180 477 413 64 255 0 212 43 172 47 100 300 77 179 413 413 411 
625 721 28 532 265 519 995 837 878 535 402 133 212 42 228 27 76 224 100 300 77 179 402 535 420 
261 196 190 880 454 395 851 211 918 136 605 469 0 255 117 138 41 68 100 300 77 179 349 136 135 
532 790 396 45 1009 535 863 912 701 1047 479 568 0 255 132 123 112 96 100 300 77 179 750 741 738 
32 220 87 815 411 50 323 891 952 514 536 22 255 0 108 147 220 122 100 300 77 179 521 536 518 
929 256 538 250 857 537 357 263 172 412 598 186 145 109 152 103 206 216 100 300 77 179 520 502 508 
864 240 519 684 92 555 304 390 546 9 460 451 0 255 108 147 59 7 100 300 77 179 199 460 458 
26 280 710 337 767 813 54 9 744 335 767 432 0 255 169 86 149 234 100 300 77 179 618 335 333 
171 994 224 39 234 724 360 725 602 784 352 432 0 255 27 228 164 186 100 300 77 179 784 581 578 
883 23 154 537 231 861 439 306 590 -88 666 754 0 255 87 168 218 73 100 300 77 179 168 666 663 
451 784 391 244 402 200 450 632 237 738 214 524 0 255 222 33 186 81 100 300 77 179 214 214 213 
830 469 691 294 747 751 724 214 175 464 542 78 255 0 136 119 180 0 100 300 77 179 503 542 501 
195 752 1018 201 238 342 142 344 579 475 101 374 0 255 117 138 227 29 100 300 77 179 302 101 100 
108 400 712 908 47 298 975 778 57 571 205 366 0 255 7 248 236 94 100 300 77 179 571 205 204 
16 515 970 953 54 935 515 195 633 219 600 381 0 255 223 32 107 237 100 300 77 179 600 219 218 
542 863 777 663 950 714 233 719 243 1070 911 159 179 75 137 118 96 161 100 300 77 179 980 1070 998 
1010 794 733 862 267 471 371 631 316 514 524 10 255 0 161 94 198 226 100 300 77 179 518 518 515 
694 219 201 420 784 804 613 163 191 362 801 439 0 255 219 36 131 119 100 300 77 179 801 592 589 
5 775 525 452 996 358 202 489 909 901 722 179 154 100 142 113 63 67 100 300 77 179 798 814 798 
576 811 21 753 410 726 655 662 980 552 776 224 96 158 131 124 3 211 100 300 77 179 664 552 589 
640 622 722 547 62 568 68 769 36 557 391 166 170 84 244 11 95 254 100 300 77 179 391 557 442 
776 85 524 886 674 70 946 40 1013 -48 448 496 0 255 178 77 219 42 100 300 77 179 297 448 446 
706 867 234 127 52 654 80 788 569 535 338 197 131 123 23 232 185 107 100 300 77 179 535 338 436 
686 825 910 683 848 990 766 594 974 719 842 123 225 29 54 201 52 251 100 300 77 179 719 719 713 
528 243 395 217 305 703 636 105 292 120 354 234 84 170 153 102 221 207 100 300 77 179 259 240 244 
383 494 795 224 158 252 999 553 679 338 -130 468 0 255 171 84 156 16 100 300 77 179 24 -130 0 
471 359 619 626 311 858 176 5 221 164 699 535 0 255 136 119 87 42 100 300 77 179 447 699 696 
625 291 309 512 540 14 120 142 779 136 426 290 12 242 52 203 128 59 100 300 77 179 136 426 409 
677 656 869 893 968 827 78 306 107 770 1107 337 0 255 179 76 115 89 100 300 77 179 1002 959 955 
823 58 192 285 770 416 325 448 358 344 606 262 48 206 117 138 105 241 100 300 77 179 462 344 363 
969 471 378 344 499 871 69 538 336 427 745 318 0 255 87 168 186 212 100 300 77 179 533 575 572 
724 161 999 572 483 404 86 282 375 188 459 271 36 218 203 52 3 58 100 300 77 179 459 188 224 
702 37 804 676 772 529 1013 182 447 209 534 325 0 255 160 95 171 233 100 300 77 179 411 346 344 
928 65 651 492 294 738 516 692 820 88 471 383 0 255 174 81 29 244 100 300 77 179 347 88 87 
343 325 683 150 284 674 554 290 998 115 246 131 215 39 146 109 185 224 100 300 77 179 189 174 185 
677 533 260 689 878 483 933 63 498 443 726 283 21 233 233 22 124 123 100 300 77 179 726 585 591 
280 93 681 128 111 453 565 984 584 377 34 343 0 255 19 236 92 4 100 300 77 179 377 34 33 
474 977 1000 146 279 993 789 619 861 603 261 342 0 255 173 82 235 248 100 300 77 179 369 436 434 
59 26 726 654 478 569 96 838 383 562 645 83 255 0 232 23 214 151 100 300 77 179 645 610 642 
98 243 23 157 900 121 879 885 916 760 364 396 0 255 2 253 203 46 100 300 77 179 760 364 362 
33 166 560 786 797 357 724 338 630 485 648 163 174 80 117 138 55 110 100 300 77 179 557 485 530 
654 850 725 183 593 795 776 256 351 599 409 190 140 114 186 69 73 113 100 300 77 179 458 599 517 
859 1006 628 180 65 701 235 679 863 445 257 188 142 112 187 68 229 62 100 300 77 179 305 257 281 
903 46 504 593 970 646 483 124 286 274 858 584 0 255 196 59 191 4 100 300 77 179 720 858 854 
867 923 691 41 506 702 37 256 323 546 443 103 251 3 42 213 117 234 100 300 77 179 546 546 541 
50 288 833 913 808 23 81 942 525 876 643 233 85 169 10 245 201 185 100 300 77 179 876 754 788 
97 807 723 398 926 130 470 539 628 954 430 524 0 255 13 242 5 28 100 300 77 179 954 954 950 
568 618 802 976 198 477 932 425 304 402 392 10 255 0 65 190 212 177 100 300 77 179 397 396 395 
6 651 833 676 342 981 547 579 118 755 655 100 255 0 129 126 207 161 100 300 77 179 701 698 698 
133 545 972 79 446 799 167 708 444 705 377 328 0 255 209 46 141 200 100 300 77 179 377 569 566 
274 541 664 185 202 159 1008 256 381 336 -146 482 0 255 122 133 77 181 100 300 77 179 104 336 334 
481 641 213 400 175 593 283 94 266 268 460 192 137 117 213 42 192 92 100 300 77 179 460 460 456 
613 350 446 264 442 36 80 347 213 363 240 123 225 29 189 66 127 17 100 300 77 179 270 240 264 
399 264 772 899 888 217 455 22 794 290 695 405 0 255 102 153 158 248 100 300 77 179 450 290 288 
387 712 462 453 249 171 659 12 11 388 156 232 86 168 105 150 82 87 100 300 77 179 291 275 278 
249 419 49 970 37 546 535 88 237 150 631 481 0 255 97 158 108 197 100 300 77 179 331 150 149 
872 967 120 192 111 464 206 289 347 378 302 76 255 0 155 100 167 249 100 300 77 179 330 378 328 
433 854 193 400 575 978 45 66 929 407 917 510 0 255 176 79 217 196 100 300 77 179 756 674 671 
980 391 430 266 508 9 898 337 198 323 60 263 47 207 71 184 242 163 100 300 77 179 248 60 94 
285 314 453 912 332 383 793 672 6 587 502 85 255 0 22 233 63 66 100 300 77 179 587 545 584 
115 506 482 548 955 63 86 820 521 982 641 341 0 255 99 156 30 167 100 300 77 179 846 982 978 
266 532 34 984 953 534 641 865 895 885 1067 182 150 104 13 242 18 49 100 300 77 179 885 885 878 
554 558 267 214 753 415 527 726 1014 627 493 134 211 43 39 216 120 122 100 300 77 179 627 560 610 
433 498 1017 83 14 1009 972 802 75 531 55 476 0 255 106 149 91 251 100 300 77 179 331 531 528 
960 15 484 918 146 251 134 719 337 115 503 388 0 255 26 229 56 216 100 300 77 179 115 115 114 
806 189 403 265 612 683 78 401 236 340 660 320 0 255 241 14 91 74 100 300 77 179 660 516 513 
98 659 507 272 749 971 987 847 194 1054 623 431 0 255 200 55 117 31 100 300 77 179 623 623 620 
391 68 931 997 714 251 690 91 990 92 576 484 0 255 169 86 28 21 100 300 77 179 411 368 366 
36 585 858 786 1022 619 375 17 240 742 906 164 173 81 173 82 109 42 100 300 77 179 849 906 860 
555 602 830 483 939 883 533 541 695 729 811 82 255 0 173 82 48 120 100 300 77 179 781 729 777 
631 947 169 883 280 587 127 529 82 700 801 101 253 1 94 161 171 6 100 300 77 179 734 801 728 
