227 2005 455135 
33 -2109 -69597 
89 -2253 -200517 
236 -1745 -411820 
151 -3676 -555076 
213 -2762 -588306 
128 -2724 -348672 
90 4089 368010 
54 -3711 -200394 
85 -838 -71230 
238 -2216 -527408 
245 1499 367255 
239 -509 -121651 
155 -4049 -627595 
59 2465 145435 
194 3541 686954 
146 2673 390258 
83 2396 198868 
79 -2266 -179014 
211 691 145801 
102 -1717 -175134 
156 2965 462540 
51 4022 205122 
172 2679 460788 
121 -2057 -248897 
152 -828 -125856 
26 2461 63986 
214 2632 563248 
109 -1193 -130037 
178 591 105198 
193 1985 383105 
109 -909 -99081 
146 3737 545602 
70 2864 200480 
150 1001 150150 
21 3795 79695 
133 3 399 
230 -3358 -772340 
111 3148 349428 
37 2307 85359 
66 980 64680 
215 -446 -95890 
77 -2489 -191653 
86 -138 -11868 
251 2444 613444 
60 -2794 -167640 
95 1656 157320 
247 3879 958113 
219 1176 257544 
161 -805 -129605 
142 3974 564308 
183 3551 649833 
162 -132 -21384 
50 3174 158700 
253 -858 -217074 
168 -801 -134568 
253 3286 831358 
27 1254 33858 
157 -3801 -596757 
245 549 134505 
168 2015 338520 
66 190 12540 
137 3783 518271 
177 -3849 -681273 
15 160 2400 
84 3194 268296 
29 -2215 -64235 
58 -1550 -89900 
16 1244 19904 
71 -1840 -130640 
113 3112 351656 
153 2095 320535 
29 2319 67251 
216 3919 846504 
118 -3682 -434476 
160 -1429 -228640 
147 -2210 -324870 
152 844 128288 
9 -423 -3807 
103 112 11536 
117 -3211 -375687 
140 -403 -56420 
178 2501 445178 
13 3048 39624 
117 -2297 -268749 
201 3755 754755 
85 -395 -33575 
188 -3612 -679056 
50 55 2750 
43 -597 -25671 
93 2061 191673 
4 3618 14472 
159 2694 428346 
165 316 52140 
24 1855 44520 
3 3092 9276 
45 -1686 -75870 
17 3491 59347 
162 663 107406 
220 1238 272360 
208 -3638 -756704 
177 236 41772 
138 -2357 -325266 
243 1658 402894 
21 -455 -9555 
160 -3627 -580320 
176 2425 426800 
241 -1268 -305588 
243 164 39852 
52 -3494 -181688 
233 2252 524716 
75 2313 173475 
216 -2853 -616248 
69 2332 160908 
81 -2231 -180711 
209 2698 563882 
145 578 83810 
178 -1754 -312212 
112 2426 271712 
118 -442 -52156 
172 -1811 -311492 
231 3305 763455 
66 2024 133584 
33 1552 51216 
48 -3085 -148080 
149 -2903 -432547 
209 -3496 -730664 
236 1825 430700 
166 -61 -10126 
137 3195 437715 
248 -1785 -442680 
83 -3798 -315234 
93 3873 360189 
30 -1564 -46920 
34 3405 115770 
228 -1376 -313728 
156 -4 -624 
178 680 121040 
134 -3856 -516704 
210 -3834 -805140 
215 -1312 -282080 
148 -2081 -307988 
12 3584 43008 
5 -3654 -18270 
152 1485 225720 
203 -3162 -641886 
17 964 16388 
34 -3529 -119986 
23 2365 54395 
62 -2148 -133176 
218 -3238 -705884 
187 1622 303314 
131 1232 161392 
168 -1423 -239064 
37 -3134 -115958 
245 -3935 -964075 
31 3852 119412 
167 -268 -44756 
192 -1720 -330240 
109 475 51775 
192 -1908 -366336 
185 3262 603470 
239 -764 -182596 
135 -2004 -270540 
68 3724 253232 
236 -2048 -483328 
76 -3535 -268660 
51 749 38199 
203 1112 225736 
165 13 2145 
59 2423 142957 
28 825 23100 
213 128 27264 
127 3446 437642 
166 -1823 -302618 
130 3417 444210 
50 3883 194150 
75 -3186 -238950 
107 -849 -90843 
176 -1545 -271920 
102 -3344 -341088 
78 -1679 -130962 
151 -3232 -488032 
39 -1781 -69459 
72 -4091 -294552 
222 415 92130 
230 -3750 -862500 
212 -3024 -641088 
234 2460 575640 
128 -2972 -380416 
44 -779 -34276 
154 615 94710 
132 -2340 -308880 
124 4006 496744 
104 1595 165880 
74 -3812 -282088 
88 2468 217184 
130 -3414 -443820 
188 -1092 -205296 
205 202 41410 
48 2595 124560 
209 -3083 -644347 
4 1129 4516 
131 3242 424702 
154 364 56056 
218 2132 464776 
21 -960 -20160 
84 1915 160860 
94 2782 261508 
45 2687 120915 
224 -3036 -680064 
175 -3735 -653625 
111 1914 212454 
249 -985 -245265 
112 -828 -92736 
83 -2812 -233396 
228 -1524 -347472 
79 -2073 -163767 
180 -747 -134460 
222 -2920 -648240 
117 -3415 -399555 
192 -3848 -738816 
54 1638 88452 
142 1473 209166 
142 2871 407682 
106 3290 348740 
124 -1163 -144212 
236 -2000 -472000 
64 -273 -17472 
179 -564 -100956 
46 -801 -36846 
148 2917 431716 
56 -1037 -58072 
133 -2303 -306299 
189 -546 -103194 
216 -3519 -760104 
34 1472 50048 
50 2935 146750 
138 878 121164 
1 -2767 -2767 
195 2223 433485 
14 -648 -9072 
44 701 30844 
136 1872 254592 
233 -2024 -471592 
226 2114 477764 
46 -3533 -162518 
177 1941 343557 
127 2268 288036 
155 -611 -94705 
171 2913 498123 
76 192 14592 
97 1670 161990 
226 553 124978 
229 2808 643032 
207 3595 744165 
0 -4085 0 
66 -3380 -223080 
108 -3910 -422280 
138 -1303 -179814 
76 3490 265240 
219 -1327 -290613 
35 -1308 -45780 
218 63 13734 
177 -949 -167973 
114 1047 119358 
242 -217 -52514 
71 -3413 -242323 
149 -435 -64815 
119 3092 367948 
190 -514 -97660 
219 -264 -57816 
127 -275 -34925 
58 -104 -6032 
17 -3396 -57732 
59 3180 187620 
181 2961 535941 
239 3053 729667 
100 -2952 -295200 
164 3935 645340 
122 3246 396012 
158 -3981 -628998 
134 -2204 -295336 
154 1842 283668 
110 723 79530 
109 -2096 -228464 
155 -4013 -622015 
24 3750 90000 
225 -3805 -856125 
2 -2074 -4148 
35 2579 90265 
24 3110 74640 
151 -1209 -182559 
170 697 118490 
110 1211 133210 
191 -2952 -563832 
165 -2116 -349140 
21 2926 61446 
8 3866 30928 
213 2746 584898 
139 -3688 -512632 
81 3629 293949 
153 2509 383877 
203 2371 481313 
72 -3691 -265752 
124 1256 155744 
190 3872 735680 
76 555 42180 
226 -1999 -451774 
208 -437 -90896 
219 -3291 -720729 
229 -3870 -886230 
133 3275 435575 
45 -3112 -140040 
211 1687 355957 
193 -3811 -735523 
87 3743 325641 
87 1131 98397 
200 -2323 -464600 
71 1826 129646 
107 674 72118 
6 -3342 -20052 
70 -74 -5180 
73 -1314 -95922 
101 -2697 -272397 
51 1618 82518 
112 1361 152432 
44 -547 -24068 
157 -2514 -394698 
142 -1893 -268806 
182 3642 662844 
244 1467 357948 
154 2254 347116 
15 3669 55035 
251 -1895 -475645 
121 2229 269709 
106 1481 156986 
54 -983 -53082 
7 -960 -6720 
85 -228 -19380 
141 3897 549477 
104 2836 294944 
210 -312 -65520 
133 4022 534926 
188 3484 654992 
247 551 136097 
244 2657 648308 
96 1198 115008 
232 -193 -44776 
39 -3975 -155025 
138 -234 -32292 
167 -3608 -602536 
27 3191 86157 
71 -511 -36281 
155 3974 615970 
33 -2018 -66594 
211 368 77648 
212 2759 584908 
138 -2428 -335064 
30 3070 92100 
229 2918 668222 
19 -2312 -43928 
212 -212 -44944 
105 -252 -26460 
31 21 651 
221 -3013 -665873 
67 842 56414 
14 2987 41818 
184 -347 -63848 
102 -1320 -134640 
228 220 50160 
17 2279 38743 
96 -1813 -174048 
107 2986 319502 
152 -2132 -324064 
229 -170 -38930 
208 3560 740480 
189 1710 323190 
16 3273 52368 
1 -1345 -1345 
129 2686 346494 
57 -1097 -62529 
73 284 20732 
21 -3536 -74256 
104 -3537 -367848 
112 -3086 -345632 
90 3267 294030 
145 -3112 -451240 
88 3071 270248 
36 -3753 -135108 
188 -3469 -652172 
170 -357 -60690 
145 1631 236495 
223 1053 234819 
223 1329 296367 
36 -267 -9612 
182 -3538 -643916 
171 -1574 -269154 
135 1247 168345 
128 1761 225408 
126 -99 -12474 
99 3570 353430 
61 -3137 -191357 
214 1514 323996 
54 3850 207900 
148 2131 315388 
130 -796 -103480 
166 -37 -6142 
76 1995 151620 
210 -3362 -706020 
197 -905 -178285 
27 -2627 -70929 
223 3318 739914 
220 4093 900460 
138 -3794 -523572 
130 4075 529750 
17 3058 51986 
235 3992 938120 
110 525 57750 
183 -1329 -243207 
95 -3985 -378575 
139 3461 481079 
126 -215 -27090 
242 -1566 -378972 
130 3947 513110 
116 4034 467944 
54 -607 -32778 
212 -2514 -532968 
135 1855 250425 
130 2695 350350 
54 425 22950 
36 718 25848 
174 -3669 -638406 
56 888 49728 
160 -769 -123040 
32 452 14464 
0 -2711 0 
124 -671 -83204 
170 -2787 -473790 
30 -3950 -118500 
248 3702 918096 
125 -3843 -480375 
61 2970 181170 
207 2737 566559 
0 1055 0 
230 -986 -226780 
96 1476 141696 
62 1080 66960 
250 584 146000 
72 2863 206136 
91 1494 135954 
21 3987 83727 
206 -2046 -421476 
135 -3405 -459675 
188 2461 462668 
111 -2936 -325896 
122 -1227 -149694 
37 715 26455 
163 3319 540997 
144 -2762 -397728 
199 3534 703266 
118 1520 179360 
145 -1964 -284780 
81 -2059 -166779 
225 3364 756900 
236 2412 569232 
131 -2632 -344792 
232 1039 241048 
99 1342 132858 
208 1965 408720 
21 821 17241 
13 3459 44967 
30 220 6600 
207 -983 -203481 
225 -2097 -471825 
96 1741 167136 
64 -2058 -131712 
12 2188 26256 
158 1517 239686 
249 2020 502980 
66 -952 -62832 
205 3091 633655 
23 -319 -7337 
47 525 24675 
90 259 23310 
185 -1518 -280830 
201 128 25728 
172 -2422 -416584 
204 -3667 -748068 
241 1462 352342 
231 -3347 -773157 
156 81 12636 
19 -1508 -28652 
36 2871 103356 
158 -1062 -167796 
131 4074 533694 
57 4017 228969 
177 -836 -147972 
190 -3567 -677730 
206 -653 -134518 
81 -987 -79947 
183 3980 728340 
25 -712 -17800 
162 1920 311040 
30 -3492 -104760 
126 3944 496944 
13 -3913 -50869 
227 -2943 -668061 
143 -281 -40183 
17 -46 -782 
73 3256 237688 
151 -1893 -285843 
93 -199 -18507 
239 1274 304486 
72 985 70920 
111 -2416 -268176 
223 -3873 -863679 
51 901 45951 
13 162 2106 
112 2966 332192 
144 392 56448 
94 1477 138838 
116 -3456 -400896 
188 -3705 -696540 
243 -3785 -919755 
239 1984 474176 
61 108 6588 
193 -1967 -379631 
90 4040 363600 
28 2070 57960 
109 794 86546 
66 1889 124674 
114 -3320 -378480 
33 1146 37818 
166 -387 -64242 
78 2677 208806 
225 -801 -180225 
61 1642 100162 
74 2127 157398 
1 -1824 -1824 
111 -1027 -113997 
74 -1604 -118696 
238 -2110 -502180 
101 2949 297849 
144 -170 -24480 
68 -86 -5848 
46 4010 184460 
8 2961 23688 
190 -1377 -261630 
43 1182 50826 
138 3703 511014 
147 -2037 -299439 
228 3402 775656 
112 -144 -16128 
14 -1543 -21602 
33 2078 68574 
100 -1181 -118100 
5 3157 15785 
73 2817 205641 
124 -2046 -253704 
51 1875 95625 
248 -2325 -576600 
77 763 58751 
228 3830 873240 
0 -2540 0 
221 1734 383214 
9 -3127 -28143 
154 803 123662 
1 134 134 
241 1547 372827 
28 3059 85652 
61 -1192 -72712 
156 493 76908 
203 -1633 -331499 
199 2421 481779 
13 -1221 -15873 
253 1708 432124 
28 -2766 -77448 
122 3381 412482 
206 2881 593486 
63 -2567 -161721 
155 -3653 -566215 
130 2270 295100 
252 -3869 -974988 
84 7 588 
159 -2672 -424848 
191 614 117274 
90 -2839 -255510 
216 -2917 -630072 
70 -1329 -93030 
204 -4047 -825588 
137 -22 -3014 
184 3037 558808 
45 1376 61920 
244 413 100772 
206 786 161916 
225 3968 892800 
8 -2345 -18760 
3 -401 -1203 
242 -216 -52272 
98 -2057 -201586 
211 -563 -118793 
115 2658 305670 
236 -979 -231044 
188 1972 370736 
130 3660 475800 
115 2390 274850 
99 2859 283041 
248 1952 484096 
109 190 20710 
82 -2400 -196800 
95 -3188 -302860 
87 -1394 -121278 
135 2597 350595 
197 172 33884 
159 -3111 -494649 
85 -1257 -106845 
220 610 134200 
171 -2470 -422370 
50 3290 164500 
126 -1653 -208278 
127 3193 405511 
136 -1828 -248608 
105 607 63735 
179 -3976 -711704 
97 54 5238 
91 -3565 -324415 
51 -2178 -111078 
100 2569 256900 
95 -3658 -347510 
42 2251 94542 
81 3375 273375 
52 -1395 -72540 
17 2188 37196 
40 3685 147400 
175 -1750 -306250 
130 -2940 -382200 
236 1812 427632 
191 1900 362900 
61 -760 -46360 
55 170 9350 
169 2803 473707 
202 2589 522978 
78 -254 -19812 
251 1535 385285 
211 2210 466310 
151 1687 254737 
126 2070 260820 
17 2990 50830 
25 3837 95925 
102 384 39168 
184 -3220 -592480 
199 930 185070 
206 545 112270 
240 628 150720 
129 3042 392418 
120 2365 283800 
82 2692 220744 
70 3899 272930 
191 -3500 -668500 
235 2712 637320 
205 -1418 -290690 
118 312 36816 
242 2626 635492 
180 -3472 -624960 
101 -2172 -219372 
212 -1900 -402800 
165 4057 669405 
237 1670 395790 
144 1536 221184 
161 -977 -157297 
103 -1121 -115463 
119 -1076 -128044 
232 27 6264 
86 -2406 -206916 
124 606 75144 
147 -1949 -286503 
15 3098 46470 
21 -485 -10185 
137 517 70829 
59 2195 129505 
117 715 83655 
168 2956 496608 
88 -1198 -105424 
242 -2018 -488356 
40 -1654 -66160 
189 -1137 -214893 
178 1686 300108 
95 -4046 -384370 
81 3288 266328 
75 794 59550 
99 -3073 -304227 
250 2601 650250 
21 2964 62244 
60 -1330 -79800 
251 -1493 -374743 
191 394 75254 
42 2799 117558 
26 3301 85826 
185 2007 371295 
34 1780 60520 
129 -445 -57405 
219 249 54531 
205 1455 298275 
243 255 61965 
138 -3550 -489900 
122 -1789 -218258 
53 1513 80189 
83 885 73455 
34 3119 106046 
244 -3258 -794952 
38 -2844 -108072 
22 -2822 -62084 
170 -374 -63580 
201 2713 545313 
120 1741 208920 
244 1708 416752 
77 46 3542 
60 2373 142380 
118 -2177 -256886 
156 977 152412 
31 -3092 -95852 
187 -1766 -330242 
211 -727 -153397 
101 3563 359863 
145 -3669 -532005 
81 2028 164268 
56 -59 -3304 
122 3597 438834 
56 327 18312 
15 -3311 -49665 
196 2616 512736 
228 -2494 -568632 
167 1509 252003 
8 4016 32128 
124 -621 -77004 
21 683 14343 
13 1311 17043 
181 464 83984 
157 -100 -15700 
164 -2345 -384580 
26 -979 -25454 
67 -1004 -67268 
158 -2120 -334960 
105 187 19635 
218 -2313 -504234 
72 2956 212832 
198 944 186912 
234 3725 871650 
41 -944 -38704 
29 2430 70470 
90 -2796 -251640 
148 2847 421356 
236 705 166380 
2 614 1228 
155 2533 392615 
68 -166 -11288 
122 -1982 -241804 
12 -2234 -26808 
65 -2710 -176150 
154 -2475 -381150 
206 2650 545900 
180 2475 445500 
199 2943 585657 
253 -2427 -614031 
165 -3330 -549450 
62 -2334 -144708 
50 -1314 -65700 
242 55 13310 
149 -864 -128736 
182 872 158704 
218 -808 -176144 
191 3443 657613 
203 -1757 -356671 
128 -2927 -374656 
179 906 162174 
185 -957 -177045 
14 3171 44394 
220 -2964 -652080 
104 -642 -66768 
191 3760 718160 
59 3939 232401 
98 -3308 -324184 
145 1 145 
125 3903 487875 
253 -813 -205689 
169 -1959 -331071 
171 3802 650142 
135 -1646 -222210 
225 -4085 -919125 
76 -784 -59584 
117 3690 431730 
21 -1740 -36540 
39 672 26208 
148 -3498 -517704 
92 -1746 -160632 
218 1841 401338 
245 -1247 -305515 
52 3714 193128 
156 2196 342576 
153 3430 524790 
189 1655 312795 
64 -942 -60288 
120 -3795 -455400 
71 1187 84277 
62 145 8990 
165 -1660 -273900 
219 3205 701895 
101 -2377 -240077 
65 3176 206440 
157 3823 600211 
210 -2742 -575820 
139 1274 177086 
10 -2038 -20380 
92 -2185 -201020 
251 1092 274092 
193 -2400 -463200 
120 3163 379560 
206 -2795 -575770 
29 -193 -5597 
161 3077 495397 
231 -3300 -762300 
10 -3810 -38100 
174 4001 696174 
128 -1011 -129408 
12 2157 25884 
178 1850 329300 
148 -338 -50024 
43 -1319 -56717 
234 -827 -193518 
92 -2245 -206540 
21 -1438 -30198 
212 103 21836 
184 3313 609592 
75 -959 -71925 
224 1569 351456 
20 3476 69520 
32 -143 -4576 
225 -2025 -455625 
30 -2489 -74670 
80 357 28560 
201 -967 -194367 
173 2777 480421 
163 -681 -111003 
157 -2343 -367851 
153 1434 219402 
92 -1260 -115920 
202 -2692 -543784 
90 -61 -5490 
60 2252 135120 
208 2824 587392 
94 2835 266490 
219 -957 -209583 
145 -297 -43065 
245 1599 391755 
162 378 61236 
236 580 136880 
43 2979 128097 
62 -2633 -163246 
50 2061 103050 
180 3955 711900 
218 -2660 -579880 
245 3352 821240 
143 577 82511 
130 -2649 -344370 
42 396 16632 
136 -51 -6936 
158 -2468 -389944 
81 -3881 -314361 
83 269 22327 
92 836 76912 
233 -2991 -696903 
167 1150 192050 
189 1435 271215 
131 2802 367062 
97 -2853 -276741 
43 2628 113004 
246 -1394 -342924 
56 2508 140448 
16 4093 65488 
103 -611 -62933 
28 -818 -22904 
156 -621 -96876 
56 3997 223832 
67 -1196 -80132 
48 -1709 -82032 
114 -3909 -445626 
221 -2101 -464321 
233 233 54289 
149 3881 578269 
236 -3122 -736792 
225 765 172125 
154 -620 -95480 
235 -3517 -826495 
26 1163 30238 
100 1639 163900 
54 -3401 -183654 
57 -2059 -117363 
192 1662 319104 
141 386 54426 
251 1069 268319 
153 1099 168147 
145 3351 485895 
244 -1349 -329156 
153 -493 -75429 
173 1803 311919 
20 -2354 -47080 
221 -1848 -408408 
118 485 57230 
197 -572 -112684 
167 1260 210420 
110 -2778 -305580 
95 41 3895 
87 -162 -14094 
97 2269 220093 
122 1732 211304 
239 1876 448364 
230 140 32200 
222 -2309 -512598 
118 -3419 -403442 
206 -3917 -806902 
42 -2629 -110418 
176 -2609 -459184 
76 -2346 -178296 
127 2197 279019 
14 3353 46942 
145 -519 -75255 
210 532 111720 
76 -3064 -232864 
242 -4079 -987118 
191 2180 416380 
89 -2959 -263351 
126 -2857 -359982 
161 2527 406847 
163 1542 251346 
219 1877 411063 
46 1039 47794 
41 599 24559 
19 3325 63175 
148 -1324 -195952 
205 -204 -41820 
57 251 14307 
37 1715 63455 
161 1294 208334 
46 -2218 -102028 
38 -2734 -103892 
243 -2436 -591948 
244 -3966 -967704 
247 -3886 -959842 
133 -1659 -220647 
228 2967 676476 
168 -2548 -428064 
248 3613 896024 
45 -3212 -144540 
12 2019 24228 
124 -3513 -435612 
254 2865 727710 
138 -4061 -560418 
231 2959 683529 
224 2828 633472 
29 2015 58435 
43 73 3139 
236 2711 639796 
225 -2708 -609300 
97 -920 -89240 
221 -1873 -413933 
114 1977 225378 
240 1716 411840 
62 -2670 -165540 
206 1153 237518 
101 2893 292193 
20 -3150 -63000 
211 -1144 -241384 
201 -2339 -470139 
6 1266 7596 
235 2340 549900 
212 -64 -13568 
193 -3021 -583053 
212 3486 739032 
54 -1972 -106488 
101 182 18382 
253 -172 -43516 
240 855 205200 
111 -79 -8769 
189 2232 421848 
13 -469 -6097 
203 -3377 -685531 
8 1273 10184 
183 466 85278 
55 -3192 -175560 
35 2547 89145 
235 3127 734845 
96 -3992 -383232 
137 -2722 -372914 
10 -3264 -32640 
247 3548 876356 
164 -1140 -186960 
53 -3540 -187620 
119 -3772 -448868 
252 -2867 -722484 
243 -598 -145314 
148 1836 271728 
179 329 58891 
199 -4055 -806945 
2 3495 6990 
195 2658 518310 
58 4071 236118 
163 3435 559905 
68 -3234 -219912 
205 2160 442800 
119 -3243 -385917 
235 -2302 -540970 
218 -1473 -321114 
223 -1968 -438864 
193 -2554 -492922 
163 -3837 -625431 
95 547 51965 
201 -2356 -473556 
124 -2905 -360220 
47 -3991 -187577 
213 -122 -25986 
186 -2941 -547026 
8 1564 12512 
247 -92 -22724 
189 -3175 -600075 
151 1134 171234 
144 -12 -1728 
19 -603 -11457 
143 -1716 -245388 
237 1091 258567 
23 3912 89976 
153 1324 202572 
90 -215 -19350 
171 -201 -34371 
22 3764 82808 
150 2438 365700 
25 3375 84375 
13 -1694 -22022 
195 33 6435 
57 -1779 -101403 
115 -1383 -159045 
130 1943 252590 
230 -963 -221490 
160 3810 609600 
157 -3015 -473355 
252 -959 -241668 
180 -1747 -314460 
49 287 14063 
12 1551 18612 
11 -2586 -28446 
214 3153 674742 
104 -3129 -325416 
145 -3112 -451240 
65 3680 239200 
89 4011 356979 
169 -2388 -403572 
158 3876 612408 
95 -3576 -339720 
58 -2735 -158630 
229 -3669 -840201 
95 2401 228095 
192 2719 522048 
100 997 99700 
22 -1154 -25388 
139 -1298 -180422 
164 -324 -53136 
207 110 22770 
118 -3300 -389400 
47 735 34545 
13 911 11843 
214 619 132466 
111 -3 -333 
7 -2876 -20132 
203 2101 426503 
29 -1692 -49068 
211 -1024 -216064 
169 2798 472862 
240 3768 904320 
165 -3173 -523545 
16 -158 -2528 
126 3257 410382 
15 2221 33315 
166 -1947 -323202 
162 -3002 -486324 
195 -943 -183885 
97 1252 121444 
86 -1639 -140954 
116 3430 397880 
115 -472 -54280 
55 3646 200530 
5 3131 15655 
195 -1297 -252915 
157 -1289 -202373 
2 -386 -772 
153 811 124083 
87 1223 106401 
178 -56 -9968 
14 3175 44450 
165 -3291 -543015 
251 2162 542662 
92 -3070 -282440 
95 1443 137085 
74 2976 220224 
171 -3003 -513513 
221 -2437 -538577 
106 2056 217936 
38 -4095 -155610 
222 -1854 -411588 
81 828 67068 
111 -1768 -196248 
235 3306 776910 
160 42 6720 
6 1795 10770 
11 613 6743 
119 -636 -75684 
16 -3911 -62576 
136 3472 472192 
92 -1092 -100464 
38 -2857 -108566 
85 -1223 -103955 
124 2325 288300 
33 -289 -9537 
172 3164 544208 
167 2744 458248 
249 3963 986787 
159 -2047 -325473 
127 1869 237363 
48 2864 137472 
0 -3080 0 
136 -2844 -386784 
98 86 8428 
0 -1552 0 
162 2581 418122 
62 -424 -26288 
210 2484 521640 
119 2884 343196 
214 3854 824756 
60 -3453 -207180 
103 2600 267800 
242 -277 -67034 
195 3808 742560 
233 610 142130 
42 -38 -1596 
75 -1426 -106950 
17 477 8109 
42 -3532 -148344 
206 3664 754784 
247 1723 425581 
251 4082 1024582 
244 -2867 -699548 
18 248 4464 
228 -1542 -351576 
0 2741 0 
204 1147 233988 
16 -2089 -33424 
26 -1941 -50466 
106 -134 -14204 
226 -973 -219898 
72 -652 -46944 
55 -3702 -203610 
7 -2137 -14959 
1 1656 1656 
104 908 94432 
166 -2057 -341462 
26 -1473 -38298 
42 290 12180 
169 3140 530660 
194 2847 552318 
161 2514 404754 
175 1723 301525 
135 -1468 -198180 
13 3056 39728 
110 2 220 
160 3310 529600 
149 3956 589444 
119 2789 331891 
45 369 16605 
245 1100 269500 
122 278 33916 
23 2404 55292 
0 3118 0 
173 93 16089 
122 538 65636 
153 -1471 -225063 
174 3383 588642 
25 3658 91450 
28 89 2492 
175 370 64750 
198 -2889 -572022 
229 -828 -189612 
15 -1582 -23730 
21 -2299 -48279 
4 3688 14752 
3 -3157 -9471 
2 -2325 -4650 
131 1166 152746 
49 -2085 -102165 
93 -3352 -311736 
153 -4033 -617049 
78 -174 -13572 
214 2001 428214 
131 -1947 -255057 
87 -437 -38019 
250 2777 694250 
46 1035 47610 
147 -3089 -454083 
68 -1405 -95540 
46 411 18906 
14 1461 20454 
73 -3818 -278714 
229 -3463 -793027 
100 2838 283800 
109 -2710 -295390 
185 -687 -127095 
242 -767 -185614 
242 3374 816508 
74 -1262 -93388 
53 3166 167798 
132 -3024 -399168 
102 3320 338640 
20 -2329 -46580 
153 3546 542538 
169 -1004 -169676 
85 2392 203320 
51 1577 80427 
181 3756 679836 
112 -2729 -305648 
237 1088 257856 
159 239 38001 
235 1480 347800 
103 -2845 -293035 
176 -1537 -270512 
125 3199 399875 
83 2504 207832 
99 408 40392 
172 3249 558828 
28 2689 75292 
195 -1809 -352755 
8 -2327 -18616 
238 -521 -123998 
145 -1950 -282750 
6 -1151 -6906 
210 2 420 
11 -1975 -21725 
168 -2078 -349104 
168 -1398 -234864 
183 -3990 -730170 
8 -893 -7144 
182 -771 -140322 
250 3450 862500 
228 3959 902652 
204 2994 610776 
106 449 47594 
166 -3055 -507130 
70 2980 208600 
18 2785 50130 
68 -994 -67592 
160 -2844 -455040 
244 -1505 -367220 
188 -12 -2256 
154 -3992 -614768 
205 625 128125 
223 1268 282764 
38 3295 125210 
201 -2519 -506319 
99 -3599 -356301 
187 -1639 -306493 
202 -3243 -655086 
135 2315 312525 
18 -2021 -36378 
6 1029 6174 
33 -3588 -118404 
171 -406 -69426 
127 2916 370332 
80 -3697 -295760 
200 1159 231800 
126 -1728 -217728 
151 2607 393657 
84 297 24948 
202 -724 -146248 
117 -1285 -150345 
173 -1084 -187532 
166 554 91964 
101 -74 -7474 
16 -185 -2960 
247 -730 -180310 
185 2298 425130 
192 2175 417600 
196 2811 550956 
28 3920 109760 
125 -852 -106500 
9 -1982 -17838 
185 3885 718725 
37 -2885 -106745 
97 1677 162669 
104 -3471 -360984 
203 -2925 -593775 
1 3523 3523 
173 1228 212444 
215 -2019 -434085 
6 -1689 -10134 
203 -3332 -676396 
199 1731 344469 
210 1014 212940 
103 -3810 -392430 
122 -2051 -250222 
71 3118 221378 
6 811 4866 
212 -2825 -598900 
211 -2500 -527500 
171 -1327 -226917 
187 -3668 -685916 
240 -5 -1200 
96 -1723 -165408 
246 -3165 -778590 
21 -554 -11634 
129 1774 228846 
192 -1409 -270528 
64 2751 176064 
110 281 30910 
153 -2805 -429165 
27 3582 96714 
140 3275 458500 
38 -596 -22648 
114 -2069 -235866 
90 268 24120 
224 2236 500864 
103 1916 197348 
163 852 138876 
126 -3052 -384552 
147 -1553 -228291 
108 3633 392364 
237 -3825 -906525 
91 3480 316680 
200 -1967 -393400 
143 94 13442 
23 1513 34799 
240 3051 732240 
215 -3305 -710575 
2 3352 6704 
165 193 31845 
165 -942 -155430 
146 2152 314192 
70 1080 75600 
108 2783 300564 
212 1077 228324 
102 -1883 -192066 
113 443 50059 
189 -3356 -634284 
109 -3829 -417361 
248 -3791 -940168 
231 182 42042 
225 -957 -215325 
231 -2008 -463848 
101 3231 326331 
144 1023 147312 
54 3230 174420 
224 -4065 -910560 
62 -2171 -134602 
77 1153 88781 
225 2666 599850 
99 3647 361053 
40 2467 98680 
178 1024 182272 
135 -3393 -458055 
67 3182 213194 
214 -2173 -465022 
38 -38 -1444 
167 -2206 -368402 
74 515 38110 
182 1001 182182 
105 -1797 -188685 
199 -1130 -224870 
230 -2987 -687010 
127 -1724 -218948 
172 2322 399384 
177 -2869 -507813 
241 -3040 -732640 
131 3164 414484 
249 1469 365781 
191 -3069 -586179 
199 2678 532922 
109 -2533 -276097 
82 -3978 -326196 
114 -2993 -341202 
201 591 118791 
135 -658 -88830 
229 3486 798294 
229 366 83814 
206 -3672 -756432 
58 -1353 -78474 
88 2640 232320 
7 -2741 -19187 
173 3729 645117 
239 2952 705528 
233 1475 343675 
225 -1994 -448650 
76 3440 261440 
195 -3495 -681525 
185 -3401 -629185 
166 -428 -71048 
135 -2708 -365580 
3 1095 3285 
226 -244 -55144 
112 -3162 -354144 
75 1306 97950 
177 3688 652776 
141 -2403 -338823 
142 3106 441052 
228 2066 471048 
33 2799 92367 
39 -2547 -99333 
2 -3860 -7720 
155 789 122295 
187 3430 641410 
126 -1630 -205380 
186 -1982 -368652 
190 -3140 -596600 
190 2536 481840 
149 -1335 -198915 
22 -255 -5610 
174 2692 468408 
247 -1907 -471029 
76 -2591 -196916 
60 -728 -43680 
179 -2499 -447321 
133 -2618 -348194 
118 -1671 -197178 
55 3482 191510 
231 -4088 -944328 
131 1474 193094 
26 180 4680 
91 4069 370279 
100 1025 102500 
139 -4034 -560726 
62 74 4588 
214 -3725 -797150 
80 -3701 -296080 
247 2320 573040 
198 707 139986 
166 1864 309424 
239 1347 321933 
101 286 28886 
112 1395 156240 
111 -3008 -333888 
100 389 38900 
191 -834 -159294 
125 182 22750 
63 -3370 -212310 
162 -431 -69822 
253 1715 433895 
23 3539 81397 
41 3714 152274 
152 3852 585504 
17 -2129 -36193 
207 -1639 -339273 
90 -3468 -312120 
40 -3015 -120600 
178 -3587 -638486 
157 -3388 -531916 
166 -2673 -443718 
72 -12 -864 
208 2707 563056 
0 3588 0 
1 1149 1149 
27 -3225 -87075 
61 -1090 -66490 
63 -1261 -79443 
107 -926 -99082 
200 1146 229200 
215 -1885 -405275 
210 1969 413490 
16 -2604 -41664 
178 903 160734 
24 -3182 -76368 
207 800 165600 
22 2576 56672 
230 1893 435390 
18 -392 -7056 
186 -2120 -394320 
108 -3765 -406620 
243 328 79704 
29 -2385 -69165 
27 1197 32319 
63 3959 249417 
208 870 180960 
124 2702 335048 
233 2135 497455 
54 3283 177282 
200 384 76800 
190 -2504 -475760 
148 -201 -29748 
21 -1962 -41202 
233 -1654 -385382 
68 -242 -16456 
196 2153 421988 
224 -3922 -878528 
82 2441 200162 
75 1384 103800 
71 3521 249991 
190 -2713 -515470 
166 -188 -31208 
79 3821 301859 
201 -3470 -697470 
149 -1104 -164496 
19 -2595 -49305 
210 -2838 -595980 
97 -1631 -158207 
208 1234 256672 
95 2180 207100 
164 -2541 -416724 
72 -4067 -292824 
150 1134 170100 
252 -1432 -360864 
187 -3087 -577269 
110 -2814 -309540 
91 2720 247520 
142 -3472 -493024 
33 -1853 -61149 
123 1634 200982 
25 -2600 -65000 
34 -2445 -83130 
242 -1444 -349448 
63 262 16506 
170 -515 -87550 
155 390 60450 
97 2973 288381 
39 2038 79482 
86 -3620 -311320 
96 2597 249312 
154 3870 595980 
236 -1326 -312936 
216 3262 704592 
72 -1993 -143496 
178 2292 407976 
246 -62 -15252 
253 -196 -49588 
128 -78 -9984 
98 2201 215698 
33 -384 -12672 
144 2116 304704 
203 1216 246848 
218 -2291 -499438 
74 3314 245236 
86 1849 159014 
43 -1863 -80109 
136 1342 182512 
68 2695 183260 
109 -2654 -289286 
200 -200 -40000 
13 -3026 -39338 
7 1043 7301 
177 -2981 -527637 
138 127 17526 
202 2526 510252 
70 14 980 
226 -3116 -704216 
240 3851 924240 
23 1130 25990 
46 -3485 -160310 
184 -3837 -706008 
162 -2916 -472392 
144 2373 341712 
209 -1005 -210045 
81 -1599 -129519 
128 2333 298624 
186 -1959 -364374 
234 -2762 -646308 
21 -2276 -47796 
196 -3493 -684628 
188 2601 488988 
245 2114 517930 
200 -276 -55200 
240 -635 -152400 
250 -4086 -1021500 
88 574 50512 
76 470 35720 
169 -2794 -472186 
202 1508 304616 
63 -1241 -78183 
83 -1271 -105493 
192 3501 672192 
154 -1736 -267344 
215 2178 468270 
151 3292 497092 
55 -3535 -194425 
105 3025 317625 
199 1319 262481 
141 -2066 -291306 
1 -2216 -2216 
5 2183 10915 
64 -877 -56128 
168 -2424 -407232 
1 3396 3396 
203 2017 409451 
248 3339 828072 
132 -3115 -411180 
162 2636 427032 
241 3717 895797 
17 3821 64957 
81 -513 -41553 
34 -2998 -101932 
133 2505 333165 
252 3638 916776 
94 -739 -69466 
113 -2238 -252894 
117 -1916 -224172 
66 -551 -36366 
106 -3001 -318106 
82 55 4510 
112 1512 169344 
202 -528 -106656 
191 2584 493544 
127 2368 300736 
160 451 72160 
62 -3294 -204228 
77 947 72919 
68 2186 148648 
75 -3773 -282975 
247 461 113867 
183 1548 283284 
136 483 65688 
100 3077 307700 
53 -344 -18232 
139 2106 292734 
178 -1169 -208082 
1 -3202 -3202 
168 796 133728 
232 654 151728 
134 1113 149142 
13 -1970 -25610 
41 1899 77859 
66 -1800 -118800 
138 385 53130 
221 2359 521339 
247 2354 581438 
237 -2618 -620466 
61 -3727 -227347 
171 -4024 -688104 
145 3315 480675 
128 -2823 -361344 
48 554 26592 
182 -1441 -262262 
36 433 15588 
101 -981 -99081 
4 628 2512 
237 634 150258 
186 -3221 -599106 
155 3853 597215 
77 1798 138446 
12 -337 -4044 
92 -940 -86480 
208 -1741 -362128 
205 -406 -83230 
72 2376 171072 
14 -3537 -49518 
108 1125 121500 
106 3321 352026 
137 -2835 -388395 
168 3579 601272 
66 -864 -57024 
240 2849 683760 
17 -1008 -17136 
146 -2609 -380914 
74 -2574 -190476 
88 -315 -27720 
117 -1490 -174330 
7 -2164 -15148 
40 1297 51880 
104 2478 257712 
190 -1415 -268850 
44 2017 88748 
44 -3134 -137896 
214 1043 223202 
42 82 3444 
231 1754 405174 
222 -2306 -511932 
213 -2361 -502893 
133 2942 391286 
226 -186 -42036 
129 -3563 -459627 
187 988 184756 
5 -2213 -11065 
196 -2958 -579768 
98 3847 377006 
83 4041 335403 
98 -2973 -291354 
161 512 82432 
80 340 27200 
38 -2791 -106058 
180 -2975 -535500 
28 -289 -8092 
45 1644 73980 
131 2486 325666 
53 396 20988 
134 2330 312220 
107 581 62167 
18 1810 32580 
219 776 169944 
166 -420 -69720 
154 -1611 -248094 
203 -1812 -367836 
243 2425 589275 
116 -457 -53012 
214 817 174838 
47 -3841 -180527 
241 3632 875312 
206 -386 -79516 
171 3512 600552 
103 -1047 -107841 
173 -502 -86846 
243 -287 -69741 
86 -1191 -102426 
139 3241 450499 
31 2041 63271 
19 -384 -7296 
179 1337 239323 
168 3431 576408 
217 1556 337652 
116 -264 -30624 
210 2506 526260 
6 -2537 -15222 
36 -3631 -130716 
159 -2692 -428028 
120 -3855 -462600 
29 1461 42369 
73 -2163 -157899 
82 -2681 -219842 
76 2465 187340 
140 2257 315980 
186 447 83142 
229 2240 512960 
202 -2965 -598930 
7 -2545 -17815 
34 -3053 -103802 
238 -3046 -724948 
240 -1858 -445920 
222 1131 251082 
60 -1090 -65400 
139 -2562 -356118 
77 -2007 -154539 
149 -3969 -591381 
216 3788 818208 
161 -4031 -648991 
29 -1154 -33466 
106 333 35298 
225 139 31275 
110 -2873 -316030 
97 -3613 -350461 
24 1820 43680 
75 1368 102600 
38 806 30628 
3 -522 -1566 
67 -2221 -148807 
54 92 4968 
190 -1262 -239780 
14 -709 -9926 
120 -902 -108240 
77 2664 205128 
144 2635 379440 
66 -3651 -240966 
122 729 88938 
60 -2469 -148140 
157 2294 360158 
182 -2916 -530712 
117 -808 -94536 
102 1697 173094 
19 -3979 -75601 
113 745 84185 
24 3493 83832 
139 -1021 -141919 
230 -3182 -731860 
230 1091 250930 
3 1068 3204 
28 -1504 -42112 
15 1059 15885 
121 1424 172304 
131 -1594 -208814 
207 1695 350865 
79 -1510 -119290 
169 -1271 -214799 
194 2957 573658 
222 3077 683094 
216 -2681 -579096 
196 3763 737548 
17 3071 52207 
82 1201 98482 
224 1149 257376 
195 -1036 -202020 
132 -2720 -359040 
182 1043 189826 
67 -1587 -106329 
156 3406 531336 
160 -3333 -533280 
198 -2524 -499752 
85 2985 253725 
195 -2987 -582465 
64 -1487 -95168 
17 -2458 -41786 
102 424 43248 
124 2048 253952 
15 -945 -14175 
138 -2346 -323748 
229 -733 -167857 
113 -3635 -410755 
34 309 10506 
218 334 72812 
39 -2475 -96525 
168 -3594 -603792 
74 -3944 -291856 
194 3880 752720 
173 -2100 -363300 
160 -2967 -474720 
229 2923 669367 
124 -1243 -154132 
179 1469 262951 
92 -321 -29532 
19 -1801 -34219 
42 -455 -19110 
234 -830 -194220 
233 92 21436 
253 -3343 -845779 
79 -3307 -261253 
153 2337 357561 
76 -280 -21280 
75 -3006 -225450 
80 -2732 -218560 
212 -3197 -677764 
55 3862 212410 
9 1687 15183 
170 952 161840 
0 -3792 0 
219 -2930 -641670 
135 -1835 -247725 
144 181 26064 
105 -1369 -143745 
250 -703 -175750 
101 -3624 -366024 
151 2385 360135 
229 -1561 -357469 
81 -3334 -270054 
167 3169 529223 
120 1510 181200 
242 -2940 -711480 
111 3133 347763 
82 2743 224926 
202 -1085 -219170 
242 -3283 -794486 
75 -4084 -306300 
112 -3700 -414400 
232 2373 550536 
205 271 55555 
191 512 97792 
121 -4021 -486541 
78 -2046 -159588 
53 3824 202672 
57 167 9519 
254 549 139446 
243 -3016 -732888 
47 -3082 -144854 
32 1199 38368 
168 -3430 -576240 
251 -3872 -971872 
95 321 30495 
241 1692 407772 
176 -965 -169840 
197 835 164495 
95 751 71345 
57 2871 163647 
254 2431 617474 
181 -1792 -324352 
105 1348 141540 
242 -15 -3630 
186 3711 690246 
10 -946 -9460 
144 678 97632 
224 -1187 -265888 
159 1019 162021 
19 -1674 -31806 
59 -1691 -99769 
216 -1263 -272808 
40 -2783 -111320 
153 70 10710 
162 -2774 -449388 
199 2816 560384 
80 -1929 -154320 
114 -2596 -295944 
71 -1421 -100891 
101 3536 357136 
151 -989 -149339 
52 -3535 -183820 
146 1831 267326 
215 -2456 -528040 
138 -626 -86388 
47 228 10716 
118 -3427 -404386 
110 -3846 -423060 
162 473 76626 
181 -3816 -690696 
151 -2710 -409210 
196 884 173264 
217 -3636 -789012 
101 -949 -95849 
141 -1431 -201771 
93 -1677 -155961 
160 -1237 -197920 
252 1346 339192 
89 3639 323871 
234 -2516 -588744 
140 -1732 -242480 
22 3434 75548 
108 -1986 -214488 
229 636 145644 
246 -2309 -568014 
200 -542 -108400 
84 206 17304 
183 -561 -102663 
226 3408 770208 
30 -2993 -89790 
166 3222 534852 
128 -3767 -482176 
98 3230 316540 
59 -1704 -100536 
96 -2451 -235296 
68 775 52700 
205 1002 205410 
185 -3245 -600325 
121 1216 147136 
24 3545 85080 
59 811 47849 
147 -3832 -563304 
142 2802 397884 
52 2783 144716 
44 992 43648 
4 -1725 -6900 
242 1649 399058 
192 2039 391488 
71 344 24424 
73 -2091 -152643 
58 3793 219994 
52 305 15860 
36 -541 -19476 
202 -1020 -206040 
230 2561 589030 
208 330 68640 
11 1706 18766 
59 -2901 -171159 
43 -2076 -89268 
70 -2171 -151970 
88 3698 325424 
103 -1661 -171083 
193 -1621 -312853 
31 -1150 -35650 
90 959 86310 
17 -1124 -19108 
116 3006 348696 
230 -3461 -796030 
156 -1789 -279084 
51 1325 67575 
169 3767 636623 
221 337 74477 
5 466 2330 
206 -143 -29458 
145 1932 280140 
183 -4023 -736209 
168 -415 -69720 
205 2073 424965 
198 -3858 -763884 
19 551 10469 
34 -2035 -69190 
137 527 72199 
252 -3532 -890064 
80 -2040 -163200 
10 -1634 -16340 
65 228 14820 
241 -749 -180509 
30 3433 102990 
91 752 68432 
133 1795 238735 
125 -1960 -245000 
184 2914 536176 
40 -2466 -98640 
219 -1062 -232578 
161 1512 243432 
20 -2939 -58780 
107 3080 329560 
117 -102 -11934 
69 127 8763 
229 -2200 -503800 
153 3347 512091 
152 -1105 -167960 
228 1379 314412 
137 -3381 -463197 
157 -587 -92159 
57 481 27417 
2 -3240 -6480 
82 -3612 -296184 
85 2288 194480 
253 978 247434 
137 1211 165907 
188 -2194 -412472 
219 3185 697515 
166 794 131804 
110 3398 373780 
161 -1723 -277403 
158 -1677 -264966 
253 -3707 -937871 
154 -2403 -370062 
183 -1249 -228567 
17 -3867 -65739 
22 3497 76934 
134 -1374 -184116 
138 -2076 -286488 
133 2300 305900 
37 3537 130869 
71 -683 -48493 
9 803 7227 
82 -3575 -293150 
43 -3291 -141513 
10 -1056 -10560 
163 1713 279219 
15 -2671 -40065 
118 -766 -90388 
221 -2436 -538356 
5 801 4005 
115 3271 376165 
27 -3621 -97767 
220 4082 898040 
6 943 5658 
118 -1455 -171690 
145 -3285 -476325 
114 -1427 -162678 
19 637 12103 
76 -3627 -275652 
143 177 25311 
232 -2118 -491376 
113 2667 301371 
147 3948 580356 
206 -2176 -448256 
63 -400 -25200 
36 3729 134244 
247 102 25194 
156 1214 189384 
147 -250 -36750 
95 3368 319960 
107 -2223 -237861 
113 -1855 -209615 
136 1043 141848 
222 -939 -208458 
102 -1636 -166872 
15 144 2160 
30 -2201 -66030 
227 -3287 -746149 
213 -3823 -814299 
28 59 1652 
152 -79 -12008 
249 -3358 -836142 
117 1252 146484 
67 2979 199593 
83 2653 220199 
62 3614 224068 
130 3743 486590 
253 528 133584 
80 2219 177520 
11 -3622 -39842 
105 2562 269010 
133 -950 -126350 
103 3211 330733 
24 854 20496 
36 -1344 -48384 
96 -2091 -200736 
54 -1882 -101628 
203 1094 222082 
228 -2389 -544692 
136 2012 273632 
144 3848 554112 
218 -2313 -504234 
79 2964 234156 
214 -1418 -303452 
13 -62 -806 
108 2276 245808 
85 -1803 -153255 
202 -1091 -220382 
185 -3780 -699300 
72 3052 219744 
59 1284 75756 
19 998 18962 
155 3822 592410 
7 -953 -6671 
153 2928 447984 
128 2848 364544 
234 -4032 -943488 
186 -732 -136152 
207 -2859 -591813 
198 3354 664092 
103 2105 216815 
144 1653 238032 
87 693 60291 
41 1672 68552 
143 -4084 -584012 
140 380 53200 
236 1592 375712 
230 3638 836740 
236 852 201072 
86 -3139 -269954 
137 -3796 -520052 
46 1942 89332 
25 -605 -15125 
198 -1613 -319374 
196 302 59192 
227 1137 258099 
44 -3599 -158356 
188 -686 -128968 
6 3218 19308 
108 -2970 -320760 
133 2166 288078 
43 2083 89569 
157 1414 221998 
188 -4040 -759520 
32 4027 128864 
48 -1143 -54864 
45 1755 78975 
4 3987 15948 
205 -3771 -773055 
144 2946 424224 
132 2080 274560 
48 703 33744 
12 27 324 
85 -3637 -309145 
227 1071 243117 
174 1419 246906 
203 1602 325206 
132 1315 173580 
238 -1379 -328202 
130 -2078 -270140 
64 1967 125888 
137 2830 387710 
89 3358 298862 
236 3565 841340 
25 717 17925 
70 -1091 -76370 
57 -1917 -109269 
227 -4086 -927522 
147 -382 -56154 
253 -1511 -382283 
245 3963 970935 
185 1361 251785 
133 -1360 -180880 
183 -1857 -339831 
20 2276 45520 
52 -2282 -118664 
184 1015 186760 
4 2738 10952 
119 -2441 -290479 
86 -997 -85742 
194 -3573 -693162 
171 -798 -136458 
13 417 5421 
246 -1578 -388188 
96 3533 339168 
143 963 137709 
244 2707 660508 
226 -3478 -786028 
49 511 25039 
179 -2283 -408657 
149 792 118008 
148 3836 567728 
42 -3279 -137718 
37 -3260 -120620 
163 1404 228852 
41 -1046 -42886 
203 -906 -183918 
192 -822 -157824 
163 -1678 -273514 
53 3153 167109 
28 -162 -4536 
16 -3012 -48192 
159 -3447 -548073 
162 -727 -117774 
194 2920 566480 
199 3899 775901 
188 3567 670596 
183 -2019 -369477 
197 1584 312048 
81 2024 163944 
197 84 16548 
243 595 144585 
231 -2691 -621621 
72 2065 148680 
118 1043 123074 
140 -3036 -425040 
112 3845 430640 
28 744 20832 
41 -2460 -100860 
69 -3794 -261786 
91 -2211 -201201 
254 -2996 -760984 
98 110 10780 
93 -2050 -190650 
236 -828 -195408 
155 -38 -5890 
149 -4057 -604493 
167 2272 379424 
210 231 48510 
80 3787 302960 
72 2432 175104 
24 -3974 -95376 
77 -1404 -108108 
41 -3949 -161909 
195 -460 -89700 
182 1484 270088 
234 -330 -77220 
237 4004 948948 
230 -316 -72680 
153 -931 -142443 
215 493 105995 
169 -1764 -298116 
167 837 139779 
84 -1558 -130872 
25 -2555 -63875 
90 -1749 -157410 
252 292 73584 
180 -3866 -695880 
220 3318 729960 
243 -3120 -758160 
223 -485 -108155 
90 2988 268920 
220 1073 236060 
19 -3925 -74575 
38 -1011 -38418 
199 -3817 -759583 
208 -1416 -294528 
172 -2674 -459928 
193 3076 593668 
91 -2216 -201656 
68 -1122 -76296 
22 -1334 -29348 
115 -398 -45770 
162 -3859 -625158 
43 -3609 -155187 
141 1512 213192 
73 -4047 -295431 
37 -1012 -37444 
117 -3486 -407862 
210 -1063 -223230 
208 306 63648 
3 -326 -978 
42 -4056 -170352 
183 -1099 -201117 
71 -2791 -198161 
73 1186 86578 
39 -1460 -56940 
228 -921 -209988 
100 3175 317500 
64 1436 91904 
159 3685 585915 
27 -2401 -64827 
69 538 37122 
40 -3514 -140560 
173 -3691 -638543 
205 2307 472935 
228 -1925 -438900 
3 884 2652 
136 -1279 -173944 
113 1046 118198 
36 2547 91692 
212 3888 824256 
157 -1311 -205827 
22 -1608 -35376 
210 175 36750 
241 2161 520801 
99 -1364 -135036 
85 -2864 -243440 
140 439 61460 
29 -2782 -80678 
212 -832 -176384 
127 -2581 -327787 
220 -3062 -673640 
143 2183 312169 
124 -906 -112344 
230 3168 728640 
134 -14 -1876 
147 3355 493185 
168 2258 379344 
56 -250 -14000 
46 839 38594 
219 -2479 -542901 
164 -3067 -502988 
156 -514 -80184 
77 1944 149688 
213 -3745 -797685 
168 -1071 -179928 
69 3240 223560 
212 4077 864324 
167 2385 398295 
98 357 34986 
151 2638 398338 
251 2306 578806 
217 2360 512120 
222 -119 -26418 
52 -1362 -70824 
7 -47 -329 
67 2682 179694 
202 1453 293506 
165 1488 245520 
121 -2152 -260392 
61 3574 218014 
69 -2384 -164496 
84 2258 189672 
46 843 38778 
78 -3380 -263640 
231 -2205 -509355 
8 3578 28624 
11 766 8426 
133 -616 -81928 
159 2787 443133 
230 -2006 -461380 
143 2188 312884 
93 3252 302436 
157 -1330 -208810 
95 -3385 -321575 
206 -2562 -527772 
172 1828 314416 
209 3390 708510 
3 398 1194 
131 -3321 -435051 
214 3705 792870 
248 3562 883376 
81 -1045 -84645 
54 2319 125226 
237 3760 891120 
87 -1101 -95787 
182 1577 287014 
151 2459 371309 
142 -3301 -468742 
193 -3744 -722592 
152 1307 198664 
181 -2237 -404897 
87 1838 159906 
215 -3828 -823020 
129 2213 285477 
201 1694 340494 
232 -1388 -322016 
73 627 45771 
226 -1911 -431886 
38 -1098 -41724 
165 3655 603075 
49 3949 193501 
125 2692 336500 
11 743 8173 
161 527 84847 
15 -17 -255 
13 123 1599 
151 2814 424914 
165 1564 258060 
243 1010 245430 
121 -2647 -320287 
126 2804 353304 
45 2148 96660 
233 1569 365577 
109 -2764 -301276 
57 -3754 -213978 
222 1360 301920 
6 -1273 -7638 
120 3319 398280 
83 3361 278963 
4 1564 6256 
84 100 8400 
243 -1343 -326349 
85 2051 174335 
105 1087 114135 
244 626 152744 
38 948 36024 
185 2770 512450 
41 -3205 -131405 
108 -1664 -179712 
70 232 16240 
202 2685 542370 
157 -1854 -291078 
170 -3265 -555050 
170 -1251 -212670 
173 -1678 -290294 
99 -871 -86229 
184 -2401 -441784 
236 2614 616904 
49 115 5635 
50 842 42100 
217 -735 -159495 
236 -582 -137352 
178 -1041 -185298 
25 725 18125 
235 -719 -168965 
97 -3641 -353177 
58 -2125 -123250 
235 -1171 -275185 
204 19 3876 
116 -1227 -142332 
33 3694 121902 
180 -3521 -633780 
27 3535 95445 
37 1242 45954 
159 1588 252492 
203 -3738 -758814 
111 3982 442002 
12 -1273 -15276 
148 -2252 -333296 
64 829 53056 
15 1263 18945 
23 3607 82961 
166 -1361 -225926 
135 31 4185 
196 -991 -194236 
165 -1782 -294030 
84 3457 290388 
200 2566 513200 
40 -3078 -123120 
175 -697 -121975 
173 1291 223343 
32 -4020 -128640 
214 2161 462454 
240 2022 485280 
56 3437 192472 
200 79 15800 
157 183 28731 
186 476 88536 
125 -3577 -447125 
86 -2213 -190318 
189 422 79758 
129 -719 -92751 
54 -3040 -164160 
114 -1698 -193572 
67 -2128 -142576 
149 3206 477694 
157 3592 563944 
26 -2043 -53118 
112 379 42448 
193 1568 302624 
144 -825 -118800 
240 -2413 -579120 
70 104 7280 
242 -2220 -537240 
180 1551 279180 
198 1284 254232 
128 658 84224 
100 3101 310100 
71 -2109 -149739 
179 3314 593206 
96 2891 277536 
8 1089 8712 
119 3439 409241 
195 162 31590 
159 -1343 -213537 
79 -1419 -112101 
110 1196 131560 
60 -3254 -195240 
178 3863 687614 
83 1305 108315 
145 -3934 -570430 
67 -3799 -254533 
114 -2535 -288990 
160 2200 352000 
74 -1519 -112406 
43 -3456 -148608 
22 1812 39864 
109 3421 372889 
145 -3443 -499235 
88 2717 239096 
180 2292 412560 
96 744 71424 
109 -871 -94939 
55 -631 -34705 
10 -28 -280 
12 530 6360 
219 3048 667512 
248 -1326 -328848 
252 3724 938448 
0 -2805 0 
88 -2064 -181632 
192 -2185 -419520 
114 -2246 -256044 
88 -1971 -173448 
3 3300 9900 
98 -3013 -295274 
54 2789 150606 
247 3564 880308 
251 -1023 -256773 
194 -3096 -600624 
158 649 102542 
56 -84 -4704 
161 -2916 -469476 
170 2476 420920 
240 -234 -56160 
57 748 42636 
81 1505 121905 
254 2038 517652 
237 -1887 -447219 
24 1608 38592 
238 -2083 -495754 
225 -167 -37575 
4 2287 9148 
174 2217 385758 
148 3011 445628 
28 1032 28896 
9 -2346 -21114 
83 -455 -37765 
126 -1743 -219618 
238 -2608 -620704 
150 3605 540750 
230 -4090 -940700 
18 1497 26946 
80 4065 325200 
117 2532 296244 
121 713 86273 
44 429 18876 
39 714 27846 
137 -448 -61376 
212 -313 -66356 
247 4063 1003561 
50 2013 100650 
48 -3799 -182352 
160 634 101440 
162 -1109 -179658 
64 3204 205056 
31 -1751 -54281 
209 233 48697 
200 -1641 -328200 
140 -517 -72380 
175 3981 696675 
24 3850 92400 
14 3260 45640 
160 -3086 -493760 
81 -1065 -86265 
76 2421 183996 
117 879 102843 
212 -1700 -360400 
17 577 9809 
43 -1915 -82345 
51 493 25143 
185 -64 -11840 
194 3726 722844 
239 -3441 -822399 
154 3885 598290 
84 3746 314664 
0 3285 0 
37 -138 -5106 
43 -1516 -65188 
167 760 126920 
13 -1238 -16094 
14 -3710 -51940 
3 -3511 -10533 
187 3879 725373 
8 2066 16528 
66 -3133 -206778 
247 3221 795587 
88 4046 356048 
47 -1702 -79994 
183 1991 364353 
110 -2549 -280390 
167 -3723 -621741 
220 2301 506220 
110 2336 256960 
14 -1247 -17458 
27 2616 70632 
70 -4047 -283290 
171 3626 620046 
218 -938 -204484 
155 1431 221805 
245 -497 -121765 
2 2644 5288 
123 -2937 -361251 
74 659 48766 
101 -502 -50702 
242 -2972 -719224 
213 -1147 -244311 
108 -3758 -405864 
80 -3477 -278160 
217 3652 792484 
136 -2675 -363800 
230 -1681 -386630 
200 -3430 -686000 
183 -2668 -488244 
52 -2196 -114192 
249 -2326 -579174 
161 -969 -156009 
59 -3715 -219185 
117 3069 359073 
118 -4071 -480378 
222 2653 588966 
60 -1630 -97800 
111 2715 301365 
47 57 2679 
231 -2856 -659736 
99 4035 399465 
243 2676 650268 
214 3225 690150 
43 1500 64500 
110 -2151 -236610 
68 -3891 -264588 
79 3932 310628 
155 587 90985 
100 3288 328800 
52 1578 82056 
158 -3582 -565956 
75 1539 115425 
80 585 46800 
93 2534 235662 
161 1627 261947 
51 3804 194004 
21 803 16863 
215 363 78045 
83 -3763 -312329 
219 1714 375366 
253 6 1518 
68 -586 -39848 
41 -223 -9143 
68 -2795 -190060 
155 2105 326275 
197 3824 753328 
114 596 67944 
191 -1745 -333295 
27 -3324 -89748 
90 1923 173070 
76 659 50084 
91 1749 159159 
253 1788 452364 
119 -3411 -405909 
184 -3328 -612352 
22 3374 74228 
140 162 22680 
76 1516 115216 
50 833 41650 
178 1283 228374 
40 -331 -13240 
151 -642 -96942 
211 -1456 -307216 
64 -3092 -197888 
167 3583 598361 
206 2071 426626 
105 -3700 -388500 
35 1846 64610 
62 1085 67270 
213 2784 592992 
100 -385 -38500 
2 3780 7560 
124 -833 -103292 
17 967 16439 
166 -2928 -486048 
30 -2308 -69240 
42 -3743 -157206 
221 90 19890 
34 2180 74120 
171 -3565 -609615 
126 -147 -18522 
82 -1529 -125378 
114 3350 381900 
47 2036 95692 
52 -3401 -176852 
168 482 80976 
10 3597 35970 
111 -2756 -305916 
22 -1429 -31438 
101 2541 256641 
144 1271 183024 
166 -4071 -675786 
67 -1499 -100433 
158 -325 -51350 
143 2471 353353 
202 -3893 -786386 
209 -1860 -388740 
153 1543 236079 
16 -927 -14832 
168 4083 685944 
23 -2219 -51037 
230 -2123 -488290 
122 -2316 -282552 
49 3351 164199 
157 -427 -67039 
169 771 130299 
108 -1904 -205632 
237 2451 580887 
78 -249 -19422 
78 -498 -38844 
35 -1844 -64540 
125 -2732 -341500 
236 -3387 -799332 
40 -2880 -115200 
172 1782 306504 
23 -1160 -26680 
95 -4029 -382755 
114 2361 269154 
205 -3280 -672400 
115 1305 150075 
134 272 36448 
164 1061 174004 
204 -2525 -515100 
104 -2486 -258544 
69 -2166 -149454 
236 -4025 -949900 
118 165 19470 
85 192 16320 
252 -1374 -346248 
190 -216 -41040 
202 1391 280982 
72 -1864 -134208 
47 1779 83613 
43 2732 117476 
184 3712 683008 
217 -2997 -650349 
143 3535 505505 
112 -830 -92960 
66 1651 108966 
241 -3863 -930983 
198 4063 804474 
124 4008 496992 
118 -3048 -359664 
171 1986 339606 
193 3062 590966 
70 959 67130 
213 -1341 -285633 
20 -936 -18720 
111 2994 332334 
1 -2687 -2687 
94 1248 117312 
112 -1016 -113792 
76 131 9956 
1 -179 -179 
77 -2692 -207284 
148 2001 296148 
205 1647 337635 
30 2882 86460 
192 1287 247104 
154 1655 254870 
49 -3783 -185367 
163 -1388 -226244 
19 -2316 -44004 
52 3936 204672 
155 3957 613335 
132 -2065 -272580 
66 1742 114972 
140 -3157 -441980 
79 -2303 -181937 
78 3874 302172 
104 3654 380016 
79 -4012 -316948 
253 -2825 -714725 
139 -409 -56851 
225 -1948 -438300 
210 -3252 -682920 
234 -598 -139932 
222 228 50616 
102 -1207 -123114 
232 801 185832 
10 -3007 -30070 
151 -812 -122612 
74 3437 254338 
199 368 73232 
24 -1415 -33960 
7 -479 -3353 
28 1436 40208 
135 -2461 -332235 
95 1042 98990 
215 871 187265 
100 1653 165300 
63 588 37044 
87 1861 161907 
77 -3452 -265804 
5 -1636 -8180 
219 -2654 -581226 
218 1276 278168 
228 -1877 -427956 
245 -2386 -584570 
58 -702 -40716 
91 2607 237237 
190 11 2090 
100 2717 271700 
67 -3305 -221435 
238 2390 568820 
239 558 133362 
251 796 199796 
47 2148 100956 
163 136 22168 
153 3021 462213 
32 4092 130944 
121 -1694 -204974 
58 -3035 -176030 
171 -2613 -446823 
201 -1428 -287028 
58 376 21808 
12 1529 18348 
253 594 150282 
142 -1123 -159466 
66 3499 230934 
44 2722 119768 
71 3110 220810 
205 2862 586710 
249 -2547 -634203 
198 -2018 -399564 
126 2545 320670 
25 3404 85100 
218 -2984 -650512 
185 -3944 -729640 
29 2593 75197 
88 -95 -8360 
72 2242 161424 
44 2656 116864 
236 2978 702808 
12 -2531 -30372 
2 396 792 
231 2689 621159 
62 1681 104222 
239 730 174470 
154 3239 498806 
213 2394 509922 
0 492 0 
110 -2038 -224180 
223 -569 -126887 
86 -3542 -304612 
62 -2646 -164052 
73 1865 136145 
35 -2152 -75320 
208 -2288 -475904 
169 -998 -168662 
108 3569 385452 
247 860 212420 
169 -1110 -187590 
225 -1518 -341550 
75 -1676 -125700 
125 3333 416625 
6 -2400 -14400 
77 -2702 -208054 
199 3779 752021 
214 1418 303452 
179 -649 -116171 
209 -154 -32186 
219 -514 -112566 
253 -4024 -1018072 
8 -1842 -14736 
122 -2851 -347822 
72 3184 229248 
43 2326 100018 
62 1894 117428 
217 -3426 -743442 
244 1527 372588 
136 3972 540192 
121 3324 402204 
6 3191 19146 
188 -3042 -571896 
100 -894 -89400 
6 833 4998 
14 -921 -12894 
132 1552 204864 
103 -3473 -357719 
168 -573 -96264 
20 -2308 -46160 
185 -266 -49210 
229 933 213657 
56 -2026 -113456 
206 -2165 -445990 
224 1657 371168 
168 1727 290136 
143 -496 -70928 
244 4015 979660 
39 -1338 -52182 
141 -680 -95880 
221 -3853 -851513 
126 3230 406980 
184 -2382 -438288 
117 1635 191295 
202 -2699 -545198 
36 3181 114516 
0 3600 0 
2 -502 -1004 
180 -2176 -391680 
67 1589 106463 
23 -1422 -32706 
193 -3756 -724908 
133 -1435 -190855 
170 3700 629000 
165 -221 -36465 
58 1356 78648 
128 2496 319488 
180 -541 -97380 
65 452 29380 
150 -3481 -522150 
149 1426 212474 
120 275 33000 
109 -1444 -157396 
254 2169 550926 
201 -1926 -387126 
9 -2994 -26946 
143 -378 -54054 
36 -2205 -79380 
90 1450 130500 
177 85 15045 
129 780 100620 
174 2263 393762 
212 -1480 -313760 
149 1316 196084 
213 -3940 -839220 
214 -3163 -676882 
109 -1332 -145188 
36 2405 86580 
237 884 209508 
12 1117 13404 
65 1624 105560 
92 1563 143796 
56 342 19152 
95 3320 315400 
7 -3451 -24157 
238 1038 247044 
190 -1476 -280440 
31 -1730 -53630 
98 114 11172 
74 3919 290006 
145 755 109475 
143 948 135564 
38 -1804 -68552 
10 1908 19080 
103 2470 254410 
247 2702 667394 
13 -636 -8268 
160 2350 376000 
144 71 10224 
190 -1564 -297160 
225 -1339 -301275 
202 -1364 -275528 
12 2495 29940 
246 -800 -196800 
84 -702 -58968 
218 1116 243288 
137 2360 323320 
188 1979 372052 
216 -453 -97848 
241 -46 -11086 
33 2438 80454 
32 -2149 -68768 
14 278 3892 
250 -258 -64500 
222 1492 331224 
73 -32 -2336 
245 -2597 -636265 
242 2098 507716 
47 1402 65894 
14 -1722 -24108 
71 -3736 -265256 
172 -2700 -464400 
89 3295 293255 
202 -3276 -661752 
175 -260 -45500 
107 1499 160393 
161 1304 209944 
48 205 9840 
190 97 18430 
188 -658 -123704 
243 1526 370818 
87 -1574 -136938 
6 -926 -5556 
144 1093 157392 
107 -1103 -118021 
80 -311 -24880 
29 -2248 -65192 
241 -2999 -722759 
190 -63 -11970 
1 -1550 -1550 
91 946 86086 
215 1218 261870 
150 -3266 -489900 
133 674 89642 
246 -373 -91758 
142 -2603 -369626 
7 1035 7245 
213 1164 247932 
111 -860 -95460 
148 -3401 -503348 
52 3043 158236 
47 -3322 -156134 
186 1374 255564 
119 1072 127568 
163 -1522 -248086 
169 507 85683 
171 -3074 -525654 
237 1476 349812 
45 2692 121140 
50 3679 183950 
2 -2313 -4626 
69 -1634 -112746 
101 707 71407 
100 -2570 -257000 
212 -2830 -599960 
173 -2870 -496510 
3 2047 6141 
7 -2931 -20517 
12 2528 30336 
116 1360 157760 
91 2481 225771 
55 -3889 -213895 
139 1727 240053 
188 3027 569076 
247 -3251 -802997 
3 1954 5862 
