18 11 12 000000000000000000000000111100000000000000000000000000000000101100000000000000000000000000000000110000000000
2 5 5 000000000000001000000000111100000000000000000000010100000000101100000000000000000000010100000000110000000000
7 23 10 011100000000001000000000111100000000111100000000010100000000101100000000101000000000010100000000110000000000
25 21 22 011100000000001000000000111111110000111100000000010100000000111110110000101000000000010100000000111111000000
9 9 25 011100000000100100100000111111110000111100000000100101010000111110110000101000000000111101010000111111000000
25 10 16 111101110000100100100000111111110000101011110000100101010000111110110000111110100000111101010000111111000000
8 17 25 111101110000100100100000100011111111101011110000100101010000111111111011111110100000111101010000111111111100
14 7 21 111101110000111010010010100011111111101011110000011110010101111111111011111110100000111111110101111111111100
30 16 11 111111110111111010010010100011111111111110101111011110010101111111111011101111111010111111110101111111111100
7 30 23 111111110111111010010010011110001111111110101111011110010101111111111111101111111010111111110101111111111111
23 1 16 111111110111111111101001011110001111111110101111000101111001111111111111101111111010111111111111111111111111
30 26 18 111111111111111111101001011110001111111111111010000101111001111111111111111110111111111111111111111111111111
0 12 28 111111111111111111101001000001111000111111111010000101111001110011111111111110111111111111111111111111111111
6 6 16 111111111111011011111110000001111000111111111010011000010111110011111111111110111111111111111111111111111111
23 2 10 111111111111011011111110000001111000001011111111011000010111110011111111101011111011111111111111111111111111
10 16 23 111111111111011011111110101000000111001011111111011000010111111111001111101011111011111111111111111111111111
29 17 25 111111111111111101101111101000000111001011111111111101100001111111001111101011111011111111111111111111111111
16 11 27 111111111111111101101111101000000111101100101111111101100001111111001111111110101111111111111111111111111111
24 19 10 111111111111111101101111111110100000101100101111111101100001111111111100111110101111111111111111101011111111
25 3 23 111111111111111111110110111110100000101100101111001111110110111111111100111110101111111111111111101011111111
22 12 0 111111111111111111110110111110100000110010110010001111110110111111111100000011111010111111111111101011111111
23 11 24 111111111111111111110110111111111010110010110010001111110110101111111111000011111010111111111111111110101111
4 7 27 111111111111010011111111111111111010110010110010011100111111101111111111000011111010111111111111111110101111
8 10 6 100011111111010011111111111111111010101011001011011100111111101111111111011000001111111111111111111110101111
18 1 28 100011111111010011111111111111111111101011001011011100111111000110111111011000001111111111111111111111111010
5 25 5 100011111111010101001111111111111111101011001011111101110011000110111111011000001111010111111111111111111010
11 30 15 101110001111010101001111111111111111111110101100111101110011000110111111111101100000010111111111111111111010
12 6 1 101110001111010101001111110011111111111110101100111101110011011000011011111101100000010111111111000111111111
29 7 10 101110001111111101010100110011111111111110101100011111110111011000011011111101100000101001011111000111111111
13 29 21 110110111000111101010100110011111111111111111010011111110111011000011011111111110110101001011111000111111111
18 0 29 110110111000111101010100111111001111111111111010011111110111000001100001111111110110101001011111111100011111
28 7 24 110110111000111111110101111111001111111111111010011101111111000001100001111111110110111110100101111100011111
17 25 23 111111011011111111110101111111001111111111111111011101111111000001100001111111111111111110100101111100011111
6 10 24 111111011011111111110101011011111100111111111111011101111111101000000110111111111111111110100101111111110001
25 18 9 111111011011111111111111011011111100111111111111111101110111101000000110111111111111100111111010111111110001
26 12 9 111111111101111111111111011011111100110011111111111101110111101000000110100111111111100111111010111111110001
6 30 19 111111111101111111111111011001101111110011111111111101110111111110100000100111111111100111111010111111111111
7 20 25 111111111101011111111111011001101111110011111111111111110111111110100000100111111111111110011111111111111111
18 12 14 111111111111011111111111011001101111110011001111111111110111111110100000111010011111111110011111111111111111
25 3 24 111111111111011111111111111101100110110011001111111111110111001111111010111010011111111110011111111111111111
13 10 26 111111111111110101111111111101100110110011001111101011111111001111111010111010011111111111111001111111111111
23 21 17 111111111111110101111111111101100110111111001100101011111111001111111010111111101001111111111001111111111111
13 12 23 111111111111110101111111110111110110111111001100101011111111110000111111111111101001111111111001111111111111
26 17 29 111111111111111111010111110111110110111111001100111110101111110000111111111111101001111111111111111111111111
18 19 8 111111111111111111010111110111110110111111111100111110101111110000111111100011111110111111111111111111111111
15 2 29 111111111111111111010111111111011111111111111100111110101111001011000011100011111110111111111111111111111111
28 2 16 111111111111111111111101111111011111111111111100001011111010001011000011100011111110111111111111111111111111
24 13 27 111111111111111111111101111111011111110111111111001011111010001011000011111110001111111111111111111111111111
8 19 4 111111111111111111111101100011111101110111111111001011111010111100101100111110001111111111111111010011111111
6 26 13 111111111111011011111111100011111101110111111111111100101111111100101100111110001111110111111111010011111111
10 14 9 101011111111011011111111100011111101111011011111111100101111111100101100100111111000110111111111010011111111
4 30 24 101011111111011011111111010010001111111011011111111100101111111111110010100111111000110111111111111101001111
11 21 7 101011111111101101101111010010001111111011011111111111110010111111110010100111111000011111011111111101001111
19 30 30 111110101111101101101111010010001111111111101101111111110010111111110010111110011111011111011111111101001111
19 12 26 111110101111101101101111111101001000111111101101111111110010110011111111111110011111011111011111111111110100
28 17 30 111110101111111110110110111101001000111111101101111111111111110011111111111110011111111101111101111111110100
19 15 22 111111111010111110110110111101001000111111111110111111111111110011111111111111111001111101111101111111110100
12 6 27 111111111010111110110110110011110100111111111110111111111111011011001111111111111001111101111101111111111111
20 12 30 111111111010111111111011110011110100111111111110110011111111011011001111111111111001111111110111111111111111
20 30 27 111111111111111111111011110011110100111111111111110011111111011011001111111111111111111111110111111111111111
19 1 3 111111111111111111111011111111001111111111111111110011111111000101101100111111111111111111110111001111111111
23 29 17 111111111111111111111111111111001111111111111111111111001111000101101100111111111111111111111111001111111111
8 16 20 100011111111111111111111111111001111111111111111111111001111000101101100111111111111111111111111001111111111
0 16 29 100011111111111111111111000011111100111111111111111111001111111100010110111111111111111111111111111100111111
1 16 21 100011111111000111111111000011111100111111111111111111111100111100010110111111111111111111111111111100111111
7 10 27 011110001111000111111111000011111100101011111111111111111100111100010110111111111111111111111111111100111111
7 9 3 011110001111000111111111011100001111101011111111111111111100100111110001111111111111111111111111001111110011
8 2 20 011110001111100000011111011100001111101011111111001011111111100111110001111111111111111111111111001111110011
13 27 8 110101111000100000011111011100001111111110101111001011111111100111110001100011111111111111111111001111110011
24 18 23 110101111000100000011111111101110000111110101111001011111111111110011111100011111111111111111111111100111111
26 30 3 110101111000111110000001111101110000111110101111111100101111111110011111100011111111001111111111111100111111
10 14 1 101011010111111110000001111101110000111011111010111100101111111110011111000110001111001111111111111100111111
17 7 19 101011010111111110000001111111110111111011111010111100101111011111111001000110001111001111111111111111110011
13 18 18 101011010111110111111000111111110111111011111010111111110010011111111001000110001111111100111111111111110011
12 15 1 110010101101110111111000111111110111111111101111111111110010011111111001000100011000111100111111111111110011
13 14 3 110010101101110111111000110111111111111111101111111111110010111001111111000100011000111100111111001111111111
21 24 17 110010101101111111011111110111111111111111101111111111111111111001111111000100011000111111110011001111111111
6 1 27 011011001010111111011111110111111111000111111110111111111111111001111111111100010001111111110011001111111111
24 29 14 011011001010111111011111111111011111000111111110111111111111111111100111111100010001111111110011111000111111
1 10 14 011011001010000111111101111111011111000111111110101011111111111111100111111100010001111011111111111000111111
6 15 22 011001101100000111111101111111011111111100011111101011111111111111100111111111110001111011111111111000111111
23 5 13 011001101100000111111101111111111101111100011111101011111111010111111110111111110001111011111111110111100011
0 29 11 011001101100000000011111111111111101111100011111111110101111010111111110111111110001101111101111110111100011
16 19 25 111101100110000000011111111111111101111111110001111110101111010111111110111111111111101111101111110111100011
2 22 20 111101100110000000011111001011111111111111110001111110101111111101011111111111111111101111101111111111011110
9 0 27 111101100110100100000001001011111111111111110001000011111010111101011111111111111111111110111110111111011110
2 28 5 001011110110100100000001001011111111111111111111000011111010111101011111010111111111111110111110111111011110
20 19 18 001011110110100100000001111100101111111111111111000011111010111111110101010111111111111110111110111111111101
25 1 26 001011110110111110010000111100101111111111111111000100001111111111110101010111111111111111111011111111111101
6 21 16 011000101111111110010000111100101111111111111111000100001111111111110101111101011111111111111011111111111101
29 21 16 011000101111111110010000111111110010111111111111000100001111111111111111111101011111111111111011111111111111
1 2 13 011000101111000111111001111111110010111111111111001000010000111111111111111101011111110111111111111111111111
21 24 19 111101100010000111111001111111110010111111111111001000010000111111111111111111110101110111111111111111111111
16 29 10 111101100010000111111001111111111111111111111111001000010000111111111111111111110101110111111111101011111111
6 2 29 111101100010011000011111111111111111111111111111001000100001111111111111111111110101111111011111101011111111
24 28 24 111111110110011000011111111111111111111111111111001000100001111111111111111111111111111111011111101011111111
26 4 9 111111110110011000011111111111111111111111111111001000100001010011111111111111111111111111011111100110101111
7 8 24 111111110110011101100001111111111111111111111111100000100010010011111111111111111111111111111101100110101111
25 25 9 111111111111011101100001111111111111111111111111100000100010010011111111100111111111111111111101100110101111
8 17 17 111111111111011101100001100011111111111111111111100000100010111101001111100111111111111111111101111110011010
