8 1 000000000000000000000000100000000000000000000000000000000000000100000000
4 6 000000000000010000000000100000000000000000000000011000000000000100000000
11 3 101100000000010000000000100000000000001100000000011000000000000100000000
2 14 101100000000010000000000001010000000001100000000011000000000111000010000
2 11 101100000000001001000000001010000000001100000000101101100000111000010000
12 14 110010110000001001000000001010000000111000110000101101100000111000010000
10 6 110010110000001001000000101000101000111000110000101101100000011011100001
12 7 110010110000110000100100101000101000111000110000011110110110011011100001
1 5 000111001011110000100100101000101000010111100011011110110110011011100001
13 8 000111001011110000100100110110100010010111100011011110110110100001101110
6 2 000111001011011011000010110110100010010111100011001001111011100001101110
0 11 000000011100011011000010110110100010101101011110001001111011100001101110
11 14 000000011100011011000010101111011010101101011110001001111011111010000110
2 8 000000011100001001101100101111011010101101011110100000100111111010000110
7 7 011100000001001001101100101111011010011110110101100000100111111010000110
12 14 011100000001001001101100110010111101011110110101100000100111111011101000
10 14 011100000001101000100110110010111101011110110101111010000010111011101000
14 6 111001110000101000100110110010111101011001111011111010000010111011101000
3 7 111001110000101000100110001111001011011001111011111010000010011111101110
10 5 111001110000101010100010001111001011011001111011010111101000011111101110
11 8 101111100111101010100010001111001011100001100111010111101000011111101110
14 14 101111100111101010100010111000111100100001100111010111101000111001111110
14 8 101111100111111010101010111000111100100001100111100001011110111001111110
0 1 000010111110111010101010111000111100000110000110100001011110111001111110
8 4 000010111110111010101010100011100011000110000110100001011110010011100111
13 7 000010111110110111101010100011100011000110000110011110000101010011100111
6 8 011000001011110111101010100011100011100000011000011110000101010011100111
10 8 011000001011110111101010101010001110100000011000011110000101100001001110
12 0 011000001011110011011110101010001110100000011000000001111000100001001110
7 2 011101100000110011011110101010001110001010000001000001111000100001001110
5 3 011101100000110011011110010110101000001010000001000001111000001110000100
2 9 011101100000001011001101010110101000001010000001100100000111001110000100
2 4 001001110110001011001101010110101000010000101000100100000111001110000100
4 2 001001110110001011001101010001011010010000101000100100000111001000111000
7 13 001001110110011100101100010001011010010000101000110110010000001000111000
2 6 001000100111011100101100010001011010011001000010110110010000001000111000
6 14 001000100111011100101100011001000101011001000010110110010000111000100011
9 12 001000100111100101110010011001000101011001000010110011011001111000100011
13 5 110100100010100101110010011001000101010101100100110011011001111000100011
6 11 110100100010100101110010011001100100010101100100110011011001101111100010
13 12 110100100010110110010111011001100100010101100100110011001101101111100010
5 6 010111010010110110010111011001100100011001010110110011001101101111100010
13 8 010111010010110110010111110101100110011001010110110011001101100010111110
5 10 010111010010010111011001110101100110011001010110101011001100100010111110
14 11 111001011101010111011001110101100110101101100101101011001100100010111110
8 8 111001011101010111011001100011010110101101100101101011001100100010001011
1 4 111001011101000101011101100011010110101101100101010010101100100010001011
1 2 000111100101000101011101100011010110001010110110010010101100100010001011
0 6 000111100101000101011101000010001101001010110110010010101100011010001000
9 13 000111100101100100010101000010001101001010110110110101001010011010001000
0 0 000000011110100100010101000010001101000000101011110101001010011010001000
6 3 000000011110100100010101011000001000000000101011110101001010001101101000
0 1 000000011110000010010001011000001000000000101011000111010100001101101000
5 10 010100000001000010010001011000001000101000000010000111010100001101101000
6 11 010100000001000010010001011001100000101000000010000111010100101100110110
0 6 010100000001000000001001011001100000101000000010011000011101101100110110
1 0 000101010000000000001001011001100000000010100000011000011101101100110110
3 8 000101010000000000001001001101100110000010100000011000011101100010110011
12 12 000101010000110000000000001101100110000010100000110001100001100010110011
7 14 011100010101110000000000001101100110111000001010110001100001100010110011
3 3 011100010101110000000000001100110110111000001010110001100001001110001011
11 8 011100010101101111000000001100110110111000001010100011000110001110001011
6 5 011001110001101111000000001100110110010111100000100011000110001110001011
13 9 011001110001101111000000110100110011010111100000100011000110100100111000
10 2 011001110001101010111100110100110011010111100000001010001100100100111000
6 8 011001100111101010111100110100110011100001011110001010001100100100111000
5 13 011001100111101010111100010111010011100001011110001010001100110110010011
9 2 011001100111100110101011010111010011100001011110001000101000110110010011
4 9 010001100110100110101011010111010011100110000101001000101000110110010011
14 12 010001100110100110101011111001011101100110000101001000101000110011011001
1 14 010001100110000110011010111001011101100110000101111000100010110011011001
0 3 000001000110000110011010111001011101001110011000111000100010110011011001
1 9 000001000110000110011010000111100101001110011000111000100010100111001101
13 6 000001000110110100011001000111100101001110011000011011100010100111001101
5 8 010100000100110100011001000111100101100000111001011011100010100111001101
6 3 010100000100110100011001011000011110100000111001011011100010001110011100
1 14 010100000100000111010001011000011110100000111001111001101110001110011100
12 7 110001010000000111010001011000011110011110000011111001101110001110011100
10 0 110001010000000111010001101001100001011110000011111001101110000000111001
4 14 110001010000010000011101101001100001011110000011111011100110000000111001
10 2 101011000101010000011101101001100001001001111000111011100110000000111001
9 13 101011000101010000011101100110100110001001111000111011100110110100000011
2 13 101011000101001001000001100110100110001001111000110111101110110100000011
5 11 010110101100001001000001100110100110101100100111110111101110110100000011
2 6 010110101100001001000001001010011010101100100111110111101110011011010000
9 12 010110101100100100100100001010011010101100100111110011011110011011010000
12 11 110001011010100100100100001010011010101110110010110011011110011011010000
14 1 110001011010100100100100111000101001101110110010110011011110000101101101
11 7 110001011010101110010010111000101001101110110010011111001101000101101101
12 11 110011000101101110010010111000101001101110111011011111001101000101101101
6 2 110011000101101110010010011011100010101110111011011111001101001000010110
13 9 110011000101110110111001011011100010101110111011100101111100001000010110
13 12 110111001100110110111001011011100010110010111011100101111100001000010110
8 8 110111001100110110111001100001101110110010111011100101111100100000100001
0 12 110111001100000011011011100001101110110010111011110010010111100000100001
6 13 011011011100000011011011100001101110110111001011110010010111100000100001
11 0 011011011100000011011011101110000110110111001011110010010111000010000010
2 2 011011011100001000001101101110000110110111001011001011001001000010000010
3 9 001101101101001000001101101110000110100111011100001011001001000010000010
6 4 001101101101001000001101011010111000100111011100001011001001010000001000
