2 000000000000000000000000001000000000
5 000000000000010100000000001000000000
5 010100000000010100000000001000000000
1 010100000000010100000000000100100000
6 010100000000011001010000000100100000
1 000101010000011001010000000100100000
9 000101010000011001010000100100010010
0 000101010000000001100101100100010010
8 100000010101000001100101100100010010
11 100000010101000001100101101110010001
3 100000010101001100000110101110010001
6 011010000001001100000110101110010001
8 011010000001001100000110100010111001
0 011010000001000000110000100010111001
7 011101101000000000110000100010111001
9 011101101000000000110000100110001011
3 011101101000001100000011100110001011
12 110001110110001100000011100110001011
14 110001110110001100000011111010011000
12 110001110110110000110000111010011000
7 011111000111110000110000111010011000
4 011111000111110000110000010011101001
11 011111000111101111000011010011101001
3 001101111100101111000011010011101001
14 001101111100101111000011111001001110
9 001101111100100110111100111001001110
9 100100110111100110111100111001001110
2 100100110111100110111100001011100100
1 100100110111000110011011001011100100
3 001110010011000110011011001011100100
12 001110010011000110011011110000101110
13 001110010011110100011001110000101110
10 101000111001110100011001110000101110
10 101000111001110100011001101011000010
3 101000111001001111010001101011000010
8 100010100011001111010001101011000010
12 100010100011001111010001110010101100
6 100010100011011000111101110010101100
14 111010001010011000111101110010101100
1 111010001010011000111101000111001010
4 111010001010010001100011000111001010
7 011111101000010001100011000111001010
0 011111101000010001100011000000011100
10 011111101000101001000110000000011100
8 100001111110101001000110000000011100
7 100001111110101001000110011100000001
12 100001111110110010100100011100000001
12 110010000111110010100100011100000001
11 110010000111110010100100101101110000
4 110010000111010011001010101101110000
6 011011001000010011001010101101110000
11 011011001000010011001010101110110111
1 011011001000000101001100101110110111
1 000101101100000101001100101110110111
4 000101101100000101001100010010111011
7 000101101100011100010100010010111011
14 111000010110011100010100010010111011
10 111000010110011100010100101001001011
4 111000010110010001110001101001001011
4 010011100001010001110001101001001011
12 010011100001010001110001110010100100
13 010011100001110101000111110010100100
9 100101001110110101000111110010100100
3 100101001110110101000111001111001010
1 100101001110000111010100001111001010
12 110010010100000111010100001111001010
8 110010010100000111010100100000111100
14 110010010100111000011101100000111100
0 000011001001111000011101100000111100
8 000011001001111000011101100010000011
4 000011001001010011100001100010000011
12 110000001100010011100001100010000011
2 110000001100010011100001001010001000
6 110000001100011001001110001010001000
5 010111000000011001001110001010001000
12 010111000000011001001110110000101000
10 010111000000101001100100110000101000
3 001101011100101001100100110000101000
4 001101011100101001100100010011000010
2 001101011100001010100110010011000010
10 101000110101001010100110010011000010
8 101000110101001010100110100001001100
2 101000110101001000101010100001001100
2 001010100011001000101010100001001100
7 001010100011001000101010011110000100
13 001010100011110100100010011110000100
8 100000101010110100100010011110000100
0 100000101010110100100010000001111000
0 100000101010000011010010000001111000
12 110010000010000011010010000001111000
6 110010000010000011010010011000000111
5 110010000010010100001101011000000111
11 101111001000010100001101011000000111
5 101111001000010100001101010101100000
7 101111001000011101010000010101100000
10 101010111100011101010000010101100000
13 101010111100011101010000110101010110
4 101010111100010001110101110101010110
9 100110101011010001110101110101010110
14 100110101011010001110101111011010101
