11111111111100010000
00000000000101110010
00000000001000111011
00000000001111101111
00000000000000011001
00000000010011000101
00000000001110011111
00000000001000110110
00000000001110011111
00000000010101101100
00000000010110001100
00000000000000101100
00000000001110000010
00000000010111100101
00000000010101001110
11111111111111101100
00000000000101100010
00000000011001000011
00000000010111101000
00000000001110010110
11111111111110100001
00000000010000011010
00000000011001000111
00000000011000111101
00000000001010001011
00000000000011000010
00000000010011100110
00000000010100101010
00000000000110101111
00000000010000011000
00000000010100101011
00000000010110010011
00000000001101100011
00000000001010001100
00000000001010100110
00000000011000011110
00000000001111101010
00000000000111010000
11111111111111011000
00000000010100011110
00000000001101010010
00000000000111010010
00000000000101000011
00000000000011101110
00000000010001011100
00000000001011101111
11111111111111101111
00000000000000000100
00000000000101111011
00000000001011011010
00000000001110100010
00000000010001111101
00000000010100100011
00000000000010000010
00000000001000010101
00000000011100101100
00000000010010010100
00000000001000100101
00000000000101011001
00000000011000011001
00000000010101001000
00000000010010011000
00000000001101001010
00000000010011001111
00000000001101010000
00000000001011110100
00000000001100001111
00000000010001110000
00000000001000110011
00000000000000010010
00000000010001011111
00000000011100111100
00000000010010011100
00000000010011000100
00000000011001010011
00000000001010101101
00000000001000011101
00000000010010101000
00000000001110110111
00000000001110100011
00000000001000011011
00000000011000100110
00000000000100110000
00000000011000001111
00000000010110110110
00000000100111101000
00000000001000110100
00000000010011100100
00000000001011101010
00000000010000011010
00000000010110001111
00000000010111100001
00000000001111000101
00000000010001001010
00000000010110111111
00000000001001011110
00000000010110101111
00000000010110110110
00000000010011001001
00000000001010001110
00000000000110100100
00000000010010001111
00000000011010000001
00000000001101110000
00000000001010100110
00000000011110000111
00000000100000000111
00000000011110011100
00000000001111011110
00000000010111010000
00000000011110011100
00000000001111111001
00000000001000110101
00000000010001000101
00000000010101000010
00000000010101101100
00000000001110011001
00000000011010010111
00000000011000000010
00000000100011011010
00000000011111100101
00000000010100010110
00000000010111100111
00000000011111001111
00000000011101111010
00000000001011001101
00000000010001101100
00000000011101010101
00000000010001110101
00000000010010011100
00000000000111011111
00000000011100000001
00000000010100001110
00000000100000000011
00000000001101111111
00000000011001001110
00000000001010011101
00000000011110100111
00000000010010111011
00000000011100110010
00000000011010110110
00000000011111111011
00000000001100000101
00000000011110011100
00000000011001101001
00000000010011100000
00000000011000001000
00000000011000110101
00000000000110101111
00000000000010010101
00000000010000011111
00000000001101000001
00000000011111110100
00000000100001000111
00000000011001101001
00000000011011000101
00000000011011010011
00000000011000111001
00000000001010000100
00000000010010110011
00000000100101100101
00000000011101111100
00000000010001000111
00000000000100100110
00000000100001001101
00000000100011100101
00000000011010010101
00000000001000000100
00000000011001011010
00000000011111010001
00000000100101000001
00000000011000010111
00000000011100110011
00000000011001100001
00000000101000010101
00000000100000101111
00000000100011010110
00000000100001110100
00000000011100110011
00000000011000111110
00000000011000111000
00000000011111111001
00000000010110110101
00000000010010100000
00000000010011010111
00000000001110010000
00000000011010001101
00000000001111011011
00000000011001010111
00000000011111011000
00000000100010011100
00000000011000001100
00000000011100100001
00000000100110111101
00000000011100000011
00000000010010011000
00000000001110111111
00000000101011111101
00000000001011011011
00000000000101100011
00000000001100110111
00000000001110001011
00000000011100101101
00000000100101010100
00000000010011001000
00000000001100111101
00000000100000011001
00000000010100111100
00000000100011001110
00000000001110011010
00000000101000000010
00000000011010101111
00000000100100101001
00000000010111001111
00000000100001101001
00000000011101001011
00000000010010000011
00000000011101110101
00000000010110000110
00000000011111011000
00000000000011110001
00000000011011000100
00000000010000010111
00000000011100111110
00000000001101100001
00000000011001001011
00000000010100010010
00000000010011100000
00000000010010100110
00000000100001001000
00000000010111100000
00000000010101000101
00000000100001000101
00000000011100001010
00000000001111000100
00000000010111010101
00000000101000011111
00000000100001101000
00000000001101110010
00000000010110010111
00000000100001111011
00000000010010100011
00000000010101011001
00000000010100000001
00000000011110100110
00000000011000010101
00000000100001000001
00000000010111100100
00000000001100001110
00000000001001111001
00000000010000101110
00000000010011110011
00000000010111111111
00000000001110100011
00000000011001000010
00000000010100001110
00000000001110010010
00000000011101011011
00000000011111011000
00000000010001001000
00000000010111101111
00000000011010011011
00000000010001111110
00000000000110010010
00000000011001111110
00000000010001001110
00000000011100001110
00000000001111000011
00000000001011111101
00000000010110111011
00000000100001001011
00000000101000011101
00000000011110110110
00000000100000000010
00000000100101110110
00000000100010111110
00000000101001100110
00000000100000100101
00000000010111100101
00000000011011110101
00000000100101101100
00000000100011101110
00000000000110111110
00000000100000110100
00000000101100100111
00000000100110001001
00000000011010100111
00000000011010110110
00000000100011010100
00000000010010101111
00000000011000000001
00000000001110001011
00000000100111001100
00000000011000100110
00000000010110101111
00000000001101111101
00000000100101001001
00000000010100101101
00000000001001011110
00000000000100110001
00000000001100001000
00000000001010100001
00000000011111100011
00000000010011000110
00000000100000100011
00000000100001110100
00000000001111100110
00000000011000111101
00000000100001000000
00000000011100000011
00000000000010101010
00000000010000010010
00000000011000011001
00000000010001100011
00000000010001001100
00000000010100111101
00000000010111011110
00000000011011110100
00000000001110011110
00000000011100011011
00000000011101111000
00000000011001001100
00000000001100101010
00000000011101110110
00000000100101100000
00000000001111100100
00000000001111110011
00000000001001101001
00000000011000100111
00000000011100110000
00000000011101100111
00000000001101011110
00000000010001101110
00000000010101101010
00000000010111111011
00000000010011111000
00000000010010101011
00000000001101010011
00000000001010101011
00000000011110010000
00000000010110010010
00000000011011001101
00000000010011100110
00000000101000011111
00000000001111110100
00000000010001100101
00000000010111010011
00000000011000001010
00000000000010101101
00000000001000110001
00000000001111110101
00000000000100101100
00000000100000111011
00000000011101010000
00000000010101001101
00000000010000010100
00000000010111101111
00000000010101001010
00000000010001000110
00000000001100011001
00000000100010111100
00000000010110101000
00000000010110010001
00000000010110101011
00000000011111101110
00000000001001100101
00000000010010001010
00000000010000100100
00000000011100000110
00000000011000111001
00000000100011110101
00000000010001110100
00000000011000010100
00000000011110001111
00000000100110100011
00000000011000100011
00000000011100110000
00000000011100111111
00000000100000001110
00000000001010000001
00000000011000001000
00000000011111100110
00000000010001100000
00000000010101100100
00000000100001001100
00000000011101101110
00000000001100111000
00000000010011101101
00000000011010111110
00000000011101001001
00000000011111000110
00000000010101001110
00000000010011101010
00000000100011000100
00000000011001101011
00000000010111110011
00000000010000001101
00000000100100100011
00000000000111101101
00000000001101111011
00000000001000001101
00000000010001001000
00000000010001100110
00000000011011110011
00000000011100011000
00000000001101100110
00000000011001001110
00000000001010100110
00000000100000101100
00000000011001000111
00000000100010001000
00000000001110011101
00000000100111011111
00000000011111001000
00000000011101101100
00000000010011110001
00000000010111110100
00000000100111100011
00000000011010010000
00000000011001001011
00000000001001101011
00000000100110000001
00000000001111000110
00000000010010100010
00000000010000110011
00000000011110101000
00000000011100000110
00000000010000010110
00000000010100011011
00000000011101101010
00000000001110011010
00000000010100011010
00000000100001110110
00000000011110010011
00000000001011111110
00000000010100001010
00000000101001010101
00000000100010101110
00000000010101100110
00000000011100101100
00000000100001101111
00000000001101000100
00000000000001101010
00000000010100001000
00000000010010111000
00000000001110111100
00000000011101011111
00000000010001101110
11111111111101111111
11111111111111000101
00000000001100100100
00000000010001101110
00000000011011101010
00000000011001100100
00000000010111101110
00000000011010100001
00000000011010000000
00000000101010011110
00000000011110111011
00000000010101101011
00000000100100100101
00000000010101010000
00000000010100110111
00000000001011001110
00000000011110000001
00000000010100001110
00000000010111010101
00000000010010101101
00000000010101110101
00000000010011001110
00000000010011100111
00000000100010011110
00000000100110011101
00000000010101010000
00000000010000110010
00000000011000111111
00000000100000100101
00000000100000000001
00000000011010010001
00000000011110111000
00000000100001100101
00000000100101111100
00000000100011000000
00000000011101001100
00000000010110001100
00000000010101011010
00000000011000000001
00000000100010011110
00000000100001101100
00000000011101001010
00000000010111101100
00000000011000010110
00000000100110001010
00000000101011001011
00000000101010111001
00000000011001100111
00000000100111000101
00000000011001000101
00000000010001010010
00000000000111011110
00000000001001110110
00000000001010001010
00000000100101011111
00000000100001000111
00000000100001000101
00000000011111011000
00000000001110100110
00000000010111010101
00000000011010000101
00000000011111000001
00000000001101100110
00000000011100010111
00000000011101101111
00000000010010010111
00000000011100001001
00000000011111111111
00000000011001001000
00000000001010010110
00000000010011101100
00000000001101000101
00000000010011100101
00000000010110101101
00000000010101101001
00000000010011111010
00000000011100011010
00000000100010111000
00000000011000011000
00000000000111110111
00000000001110111000
00000000011100010000
00000000011111000011
11111111111110111011
00000000000111010011
00000000001011000100
00000000100110010111
00000000011111110110
00000000011110101011
00000000010011101000
00000000001100011000
00000000010110011010
00000000011111110010
00000000011010110111
00000000011000100001
00000000001111000001
00000000011101111001
00000000001000101001
00000000010011010111
00000000010110101010
00000000010001001011
00000000001001000110
00000000010010110010
00000000001000100110
00000000011001110011
00000000100111111000
00000000011100001100
00000000001100010110
00000000001111100001
00000000001100011010
00000000011010110001
00000000010010110111
00000000011101010101
00000000010111011001
00000000100000011010
00000000011000001101
00000000100100101001
00000000100001101110
00000000100111100100
00000000011011111100
00000000101001100010
00000000010100011101
00000000011110111110
00000000011111001001
00000000011110001000
00000000001101010000
00000000100100110000
00000000100111001101
00000000011101010101
00000000010110100001
00000000011101110101
00000000010110101011
00000000100101011101
00000000010111111111
00000000001111001111
00000000011001110000
00000000110000011100
00000000010001010010
00000000010100010101
00000000011110011001
00000000011101011011
00000000010001000100
00000000101000010101
00000000100000001111
00000000010100111000
00000000001100101111
00000000010001010001
00000000010001010100
00000000001010100001
00000000010100101010
00000000000010111111
00000000000101100011
00000000001000110000
00000000000011010001
00000000010111011000
00000000010000010011
00000000011010010010
00000000001001001111
00000000011111101011
00000000000111111000
00000000011110101000
00000000011100101001
00000000100100001100
00000000001110100101
00000000011010110000
00000000100011110000
00000000011110011100
00000000000001001000
00000000010001101111
00000000011000000000
00000000011110000001
00000000000110101001
00000000011101010110
00000000011010000111
00000000011101101101
00000000001001110101
00000000011111010110
00000000011011000111
00000000010111010100
00000000011000111100
00000000001110110111
00000000001111011111
00000000001010100011
00000000011011011111
00000000001011011011
00000000011001110101
00000000010100011000
00000000011000101110
00000000011100011100
00000000010101011111
00000000011111001001
00000000100110101010
00000000100101010110
00000000011001011010
00000000010110001100
00000000100101100000
00000000010111010000
00000000011000011000
00000000100100000101
00000000100010011101
00000000001100011011
00000000000001111001
00000000010000110111
00000000000011100111
00000000001100000101
00000000011100100110
00000000011011100100
00000000010101001100
00000000100100001110
00000000011110100010
00000000100011000011
00000000010011010111
00000000011111101001
00000000010100100100
00000000011111101000
00000000011000101000
00000000001101100011
00000000001001100111
00000000001111111111
00000000011001011101
00000000001110100110
00000000001110111001
00000000001010100000
00000000010100001001
00000000010010100000
00000000010101011110
00000000010110011010
00000000010110101011
00000000001101011000
00000000100010010111
00000000011100101101
00000000010111000000
00000000010101110100
00000000101010000100
00000000011111001110
00000000100011000000
00000000011100000011
00000000011111111100
00000000010111010000
00000000100111100001
00000000011110100110
00000000011101101110
00000000000101000111
00000000010111001011
00000000011111001100
00000000011011001010
00000000010111100100
00000000011000010111
00000000100000000011
00000000010001101101
00000000001110001011
00000000001101100000
00000000001110001110
00000000010100010100
00000000010011100100
00000000011011011010
00000000011101010011
00000000100101010011
00000000011000001010
00000000010011001101
00000000010001101011
00000000011100101100
00000000010100001110
00000000010110111010
00000000011001001111
00000000011011111001
00000000011111011100
00000000100111001100
00000000100010011010
00000000010010100001
00000000010011100010
00000000100100110110
00000000010100010001
00000000010101000110
00000000001011000011
00000000101010011010
00000000011001000011
00000000010110011001
00000000010010010110
00000000100000000110
00000000001001011001
00000000001110111000
00000000100000010001
00000000100110001010
00000000001110100001
00000000010100001101
00000000011101101011
00000000011001100110
00000000010101001111
00000000010100010011
00000000011000111001
00000000100101000101
00000000010100100110
00000000011011101110
00000000011000000011
00000000010110111001
00000000001110111000
00000000010100001101
00000000011001110000
00000000001010111001
00000000000110110100
00000000000111100100
00000000011111011111
00000000011000111110
00000000010000110010
00000000010011000010
00000000101001101011
00000000101011110000
00000000010001100111
00000000011101111111
00000000011000100110
00000000100111101001
00000000100001000101
00000000100010001010
00000000011100110110
00000000100010011100
00000000011111111100
00000000101000000101
00000000100000011001
00000000011001110011
00000000100001110111
00000000010111010011
00000000011100111001
00000000010101000100
00000000101010111101
00000000011010100100
00000000100101101001
00000000010010010010
00000000100001011001
00000000011110011110
00000000001111110010
00000000001110001100
00000000011101000100
00000000010101111101
00000000000010110011
00000000011000001001
00000000010110001000
00000000011000001100
00000000010010100011
00000000101010001101
00000000010110111111
00000000011110010101
00000000101001110111
00000000011100100000
00000000100010111101
00000000001100010101
00000000011110110100
00000000001101110111
00000000011101011001
00000000010001001010
00000000001011100100
00000000000100100001
11111111111111111000
00000000001111000100
00000000011001101110
00000000000010010011
00000000000101001000
00000000001001100011
00000000000111110010
00000000000110010111
00000000001101000001
00000000010101111101
00000000011011100001
00000000001101101001
00000000001101111010
00000000001111011111
00000000011011010010
00000000000101110100
00000000011010110000
00000000001011001111
00000000011000111111
00000000001011000000
00000000011110101100
00000000010101110100
00000000010110110010
00000000010001100111
00000000001111010100
00000000001101001011
00000000100011011010
00000000100000100110
00000000001110100001
00000000001001010010
00000000011101101100
00000000010101100011
00000000000100001010
00000000010101011111
00000000011010110100
00000000011101111010
00000000011110001001
00000000011000000011
00000000010001001110
00000000011010000100
00000000100100001011
00000000010110010001
00000000001110010000
00000000101010111010
00000000011101111111
00000000001001000100
00000000011010110100
00000000100001000100
00000000001010111110
11111111111101111001
00000000001110000101
00000000000101110010
00000000100000110100
00000000011101001010
00000000010010111001
00000000011000011011
00000000100000011010
00000000101001001010
00000000010001011110
00000000011000010001
00000000100010101100
00000000011010011010
00000000001011111111
00000000001110100110
00000000010111110110
00000000000100110000
00000000010101101111
00000000010100101111
00000000100101100011
00000000011101110111
00000000100101011000
00000000010010101001
00000000010010101001
00000000010001111101
00000000100100011001
00000000010010001011
00000000011010110010
00000000001110011000
00000000011010111101
00000000011000000111
00000000100001101001
00000000010010011111
00000000010101000001
00000000011100101101
00000000100011010111
00000000010100101001
00000000100001011111
00000000100000011010
00000000010000011010
00000000001101110001
00000000011101111000
00000000011100110101
00000000010001101010
00000000010110001001
00000000100001001110
00000000010000010101
00000000001001110101
00000000010101011011
00000000001001110010
00000000000101001100
00000000000101100100
00000000001101010000
00000000011011100111
00000000011100101011
00000000001100000001
00000000011001010101
00000000011111011100
00000000001100100100
00000000001011110001
00000000011111111001
00000000100010111111
00000000100001001100
00000000010010110111
00000000100101110111
00000000101001011110
00000000011111011001
00000000011000100110
00000000010001011000
00000000010010100000
00000000011110001011
00000000001110001101
00000000001011011000
00000000001001011011
00000000011011100111
00000000011000001011
00000000011000110101
00000000010011010001
00000000010010001111
00000000001011101011
00000000010000000110
00000000011100100110
00000000011110100110
00000000011011101000
00000000100010000010
00000000101000101010
00000000011111011101
00000000101001111011
00000000101010011100
00000000010111100111
00000000100011101100
00000000011100100101
00000000100101100111
00000000010001111010
00000000011010001111
00000000010111111001
00000000100100000011
00000000011001110000
00000000001010110010
00000000000101100110
00000000001000111010
00000000011001011011
00000000001001100110
00000000010110010110
00000000011001010110
00000000100010011111
00000000011000010100
00000000010111111000
00000000011011010101
00000000001011110111
00000000011110110001
00000000010110110001
00000000010000101111
00000000001111110001
00000000010110101001
00000000011000100100
00000000001000011111
00000000001111100011
00000000011000110100
00000000010110101000
00000000010100011011
00000000001111101000
00000000011111101010
00000000011000001000
00000000100011010100
00000000010100101000
00000000010111111011
00000000010001100000
00000000011010011110
00000000001011101111
00000000001110000111
00000000010011101101
00000000011111000101
00000000001110111011
00000000010101011000
00000000010011100101
00000000011011110110
00000000010011100011
00000000011111111101
00000000011111000100
00000000001111000111
00000000011100010110
00000000011111001011
00000000100011111000
00000000001011111101
00000000011011110101
00000000100010011000
00000000101001010010
00000000100011011001
00000000010011110101
00000000010100001100
00000000001000000110
00000000010110100101
00000000010101110110
00000000010010001100
00000000001100110100
00000000010010000000
00000000001010100010
00000000010001101001
00000000011001101111
00000000001101101100
00000000000110000000
00000000000011000100
00000000001101100011
00000000001011011001
00000000001111011010
00000000001110111010
00000000010001101110
00000000010100011011
00000000001011101001
00000000011101000011
00000000010001111001
00000000101100001101
00000000010011000011
00000000011101111100
00000000010101110001
00000000010011001101
00000000011000100001
00000000011011101001
00000000011011101111
00000000000011100001
00000000011011001001
00000000011111001100
00000000001101000101
00000000001010010000
00000000010011000010
00000000010001101100
00000000010001010001
00000000010000011000
00000000011000000010
00000000010011110100
00000000011000110111
00000000010110011011
00000000011111101111
00000000010111011110
00000000010110111100
11111111111110110000
00000000001100010010
00000000010011110011
00000000001000001011
11111111111101000011
00000000010001100010
00000000000000100110
00000000011000011011
00000000010101011110
00000000011010011000
00000000001001100111
00000000001001110111
00000000100000000011
00000000100100101101
00000000011100110111
00000000011101001101
00000000010010011111
00000000100000110000
00000000100100010101
00000000011011100101
00000000011001100001
00000000011110011011
00000000100001010011
00000000010110011001
00000000011110110010
00000000011010000110
00000000011010000001
00000000010010111001
00000000100000110001
00000000011111111010
00000000001111100001
00000000010110111011
00000000010010100110
00000000100011110100
00000000001100111010
00000000010010100100
00000000010110011001
00000000010110010010
00000000010101001101
00000000100010010100
00000000101101010100
00000000100010101010
00000000010100100010
00000000101001110111
00000000100000101011
00000000011110010101
00000000010000100000
00000000011101110011
00000000011100111010
00000000011011001100
00000000010111100101
00000000010000111011
00000000010100110111
00000000001101100111
00000000001011000100
00000000001001111111
11111111111111111111
00000000100100110011
00000000100111100101
00000000010110101100
00000000010000101010
00000000010100111101
00000000001110010101
00000000010100010011
00000000011100011111
00000000001101100011
00000000001101111111
00000000010011111101
00000000011010101100
00000000010101110011
00000000010000110011
00000000010000010101
00000000001011100011
00000000010001010100
00000000011000100011
00000000001011010100
00000000010100010110
00000000001100010000
00000000011101111101
00000000010111100001
00000000001110000001
00000000010001100000
00000000011011100100
00000000100010100000
00000000010111101110
00000000010000010110
00000000010001101011
00000000101000101010
00000000100111011100
00000000100001100110
00000000011111001111
00000000010111101000
00000000011110111111
00000000011110001101
00000000100010001100
00000000011110111111
00000000010011011010
00000000010100011101
00000000011011010010
00000000100100011010
00000000010000100001
00000000010110010110
00000000011100111001
00000000001011110010
00000000001010101011
00000000011001111011
00000000000010101110
00000000100011010000
00000000011110110101
00000000011011001111
00000000001000111101
00000000100000011011
00000000100011000101
00000000011001101000
00000000011011001000
00000000010101001101
00000000010111111110
00000000010101001000
00000000011010101110
00000000001110101000
00000000001101000000
00000000000110001110
00000000011101000010
00000000001000010100
00000000011110000111
00000000011110001001
00000000101011000010
00000000001000100100
00000000010111110111
00000000010011100110
00000000001110001101
00000000001100001111
00000000010011110011
00000000001000001011
00000000010110001101
00000000011010000010
00000000010010011111
00000000010100000000
00000000100000010100
00000000011010101100
00000000010111101101
00000000010110100011
00000000010000111000
00000000100110110100
00000000100110111100
00000000100011100100
00000000011110100100
00000000101010100110
00000000100111101111
00000000101010001100
00000000101010010100
00000000100100000010
00000000010111111101
00000000001011011000
00000000001100100110
00000000000010101111
00000000010010111111
00000000011001100111
00000000010111010010
00000000001011000011
00000000011000010111
00000000010110001001
00000000100011001111
00000000100001001000
00000000011001101011
00000000010100101010
00000000010110101100
00000000010010101010
00000000011010001100
00000000010110010110
00000000010001001001
00000000010001001000
00000000100001110010
00000000010111010110
00000000010010111111
00000000010010000001
00000000101011101001
00000000010000100000
00000000010101101110
00000000011000011000
00000000100111010001
00000000011111100001
00000000011101111010
00000000011111010100
00000000011101000000
00000000010111100001
00000000001100001101
00000000001010101001
00000000011111010000
00000000010011100001
00000000001100110001
00000000010011001110
00000000010011110110
00000000001101110111
00000000010111010001
00000000001011011010
00000000001110101100
00000000010011010000
00000000001110000100
00000000001000011101
00000000010110011101
00000000010101110110
00000000010100101011
00000000001001101011
00000000001101011011
00000000010000100101
00000000010111001111
00000000010011111100
00000000010001110000
00000000011000110000
00000000010010010010
00000000001010001111
00000000010001101110
00000000011110001111
00000000000110111101
00000000010111001011
00000000000101110100
00000000100001001100
00000000010011101100
00000000011000111001
00000000010100001110
00000000100111111000
00000000100110101101
00000000010100000100
00000000010000111100
00000000001011111011
00000000001111001000
00000000001101010001
00000000100000100011
00000000010110000011
00000000011001011100
00000000011100001110
00000000100010000110
00000000011100011010
00000000100101011111
00000000100101001000
00000000011010010101
00000000010110110011
00000000100000101010
00000000010111011101
00000000010010110011
00000000011010110111
00000000011111000100
00000000011101100000
00000000010110100111
00000000010101100001
00000000001010111011
00000000010111110001
00000000010110001010
00000000011000000000
00000000100000100011
00000000011111010000
00000000010011011100
00000000001100100011
00000000010101101001
00000000001110111101
00000000010001010110
00000000011011011010
00000000100001111101
00000000011011110110
00000000011101111011
00000000010011110100
00000000010101010101
00000000010001010001
00000000011011001110
00000000011011100000
00000000011111000111
00000000011001110011
00000000100101000101
00000000010100111100
00000000010001111111
00000000010100000000
00000000010101001100
00000000010011001101
00000000010101000110
00000000010101011110
00000000011010100100
00000000101010100001
00000000101000111111
00000000010011101110
00000000010110111010
00000000011100100101
00000000010101010000
00000000001110110100
00000000010101000000
00000000100000111100
00000000011101110100
00000000011110101111
00000000100001101011
00000000010101001010
00000000010000011100
00000000011011001110
00000000100010100110
00000000100001101010
00000000011000011001
00000000100010000101
00000000010001000011
00000000010111000001
00000000011000000100
00000000101001110011
00000000010000000100
00000000010101100111
00000000001011101010
00000000001010110010
11111111111101110100
00000000010101111001
00000000000110101001
00000000010010101011
00000000010100000111
00000000100010001000
00000000010110001101
00000000011110101000
00000000011001001010
00000000010110001010
00000000101001000011
00000000101110001001
00000000100001010100
00000000001100010111
00000000010111010111
00000000011011001110
00000000010011010110
00000000010100100011
00000000010100001101
00000000010101011111
00000000010111101100
00000000011110111101
00000000010101110101
00000000000110011000
00000000011111101111
00000000011001001110
00000000011011110001
00000000010111011110
00000000011011001101
00000000001010111101
00000000010100011111
00000000011001000000
00000000011000111111
00000000001111101011
00000000010100001110
00000000001101001111
00000000011110011010
00000000010111110000
00000000011100101001
00000000001111010111
00000000010100010001
00000000000110000010
00000000010001110000
00000000010001011011
00000000011100111011
00000000010100100111
00000000010101110010
00000000010001110010
00000000010100000100
00000000001100010000
00000000001110111000
00000000001010001001
00000000001101100011
00000000011010101000
00000000001101100110
00000000010000011111
00000000010100000010
00000000010110100000
00000000010001010011
00000000010111011110
00000000010111110111
00000000100001100110
00000000011100000101
00000000011010101111
00000000011010001111
00000000011110001001
00000000010101100110
00000000011001010001
00000000101000001011
00000000100001010011
00000000001111110010
00000000001011010011
00000000010111011110
00000000011000111010
00000000011000111010
00000000001110000000
00000000100010011011
00000000011011001010
00000000101010101000
00000000010001010001
00000000100010000010
00000000001110111101
00000000100011010100
00000000010110111101
00000000011110001101
00000000001100010010
00000000010010111000
00000000010100010111
00000000100000000111
00000000010010001010
00000000010011010101
00000000011000011011
00000000100110001110
00000000101100000101
00000000010111000001
00000000010011111000
00000000011010111011
00000000011001000111
00000000100000010010
00000000001101000111
00000000010000000100
00000000010101111101
00000000001100111111
00000000001000010000
00000000011110100010
00000000011100011000
00000000010100101100
00000000100001101111
00000000100001010110
00000000010001010110
00000000010100011101
00000000011111000001
00000000001111111001
00000000010001110101
00000000100000100001
00000000010010110100
00000000000111110000
00000000001010000100
00000000010101001100
00000000001001001000
00000000010001111101
00000000000111010101
00000000001110000000
00000000001110000000
00000000011110010001
00000000010101001010
00000000010010000110
00000000010011011011
00000000100010101111
00000000011101101001
00000000010011110010
00000000010111101110
00000000100100000000
00000000100110111011
00000000010000010111
00000000010001100001
00000000010101111101
00000000011100110111
00000000010100110110
00000000011110100011
00000000001100101110
00000000010010111011
00000000010010001101
00000000011101100110
00000000010100100000
00000000010111011101
00000000001111010110
00000000011111110011
00000000100100110011
00000000001111011000
00000000000010100000
00000000000101010111
00000000010001010010
00000000010011011101
00000000011100101100
00000000001001000001
00000000011010110001
00000000011011100110
00000000011101101100
00000000001111010101
00000000011101100011
00000000100110010000
00000000100110111101
00000000100011101000
00000000100011010001
00000000101000001011
00000000010110111111
00000000011010100001
00000000010001101011
00000000101000000010
00000000011010110100
00000000010100001011
00000000010110111100
00000000011111001111
00000000100110100000
00000000001110110011
00000000011110111011
00000000010101010000
00000000011011111001
00000000001110010111
00000000010010101011
00000000100110000011
00000000100010000001
00000000001101011010
00000000001010010010
00000000010001010100
00000000100011001110
00000000010001111100
00000000001010110001
00000000010101010000
00000000011010111110
00000000001011111011
00000000010111110101
00000000011010001101
00000000001010101111
00000000001001110100
00000000011000011111
00000000001111011100
00000000001110001011
00000000000100000100
00000000000100001000
00000000001110000110
00000000001000001101
00000000010011000111
00000000010101000111
00000000011101010000
00000000001100000101
00000000100101110101
00000000011110000100
00000000011011011101
00000000010001110011
00000000100111001111
00000000101001011111
00000000011001010101
00000000001000111110
00000000010110010111
00000000011000101000
00000000010101111010
00000000010001001000
00000000011000010110
00000000010111001111
00000000010000010011
00000000011011000101
00000000010010100110
00000000011101111101
00000000100001110010
00000000011100111010
00000000010111010011
00000000100010110100
00000000010010101001
00000000011001111000
00000000010100000000
00000000011110110111
00000000001010111111
00000000010010110110
00000000011111111111
00000000100111101101
00000000010101011101
00000000010111010010
00000000011010001110
00000000100000011011
00000000001011101101
00000000010110010100
00000000011101001101
00000000100010010110
00000000001011110011
00000000010011100101
00000000100000111000
00000000001100011010
00000000000101010010
00000000001101111001
00000000000111010101
00000000010110110010
00000000010100010011
00000000100100000000
00000000000111101001
00000000011101101010
00000000001011100101
00000000010101110011
00000000011001100010
00000000010010010011
00000000001010101100
00000000100011011101
00000000100010011011
00000000010000110111
00000000000110100001
00000000011011010111
00000000011100110010
00000000100001001010
00000000010101110000
00000000001011001011
00000000001111010101
00000000011000101011
00000000100010101111
00000000001111100001
00000000011010110110
00000000011010011001
00000000010000101100
00000000010111000111
00000000100001011001
00000000011000101001
00000000000111111111
00000000010010101010
00000000100101100011
00000000011110111101
00000000010011110111
00000000001100111100
00000000010110100110
00000000011100010010
00000000100010011001
00000000001110110001
00000000010010010010
00000000011111010000
00000000011101011110
00000000011111101010
00000000011010110000
00000000011101010110
00000000010010011010
00000000011110111000
00000000000111000000
00000000001000011100
00000000001010000110
00000000000100010000
00000000010000111000
00000000011100001000
00000000001101000001
00000000010111101111
00000000010100001111
00000000011111100110
00000000010001111010
00000000100011101010
00000000010110001000
00000000100101000001
00000000010100111110
00000000011000100011
00000000001001101011
00000000010101000000
00000000011000010111
00000000010110111011
00000000001110110111
00000000010000011100
00000000100010100000
00000000011100110010
00000000011111111101
00000000010110100000
00000000011010011000
00000000011010010001
00000000010100101100
00000000011010001100
00000000011001011011
00000000010011001100
00000000000011001011
00000000011000000111
00000000010111001110
00000000011000011100
00000000000010011000
00000000001000100100
00000000001100100000
00000000100001010010
00000000001110100010
00000000001010110111
00000000010000100000
00000000100010101100
00000000011101100110
00000000001111010001
00000000010000011001
00000000010000110010
00000000010001101011
00000000001110101101
00000000001000010001
00000000000111111101
00000000001101101001
00000000001100110010
00000000011000111111
00000000100001101000
00000000011010010110
00000000100001000101
00000000010101101001
00000000010100100010
00000000010010010101
00000000100100110111
00000000100000000010
00000000011100101110
00000000011101000110
00000000100010001011
00000000100101110101
00000000010101000010
00000000011110110010
00000000010100100001
00000000010101000110
00000000010010001010
00000000011111011010
00000000001110010010
00000000001111010100
00000000011001000001
00000000010100010001
00000000001010010101
00000000100010001011
00000000100000000000
00000000011111111011
00000000010000000011
00000000011101100011
00000000100011000011
00000000100010001110
00000000100000100101
00000000001111110001
00000000100011010111
00000000011100001000
00000000101001000111
00000000001011110010
00000000010111010101
00000000011001100011
00000000100110101000
00000000011010000110
00000000000110101101
00000000010111001011
00000000101000101110
00000000011100110100
00000000010111001000
00000000001110111011
00000000010011011100
00000000001001100011
00000000001010000001
00000000001101010111
00000000100010011101
00000000010111111100
00000000010100111011
00000000011100110001
00000000011001001101
00000000011000100011
00000000011001101110
00000000011110001100
00000000010001011100
00000000010000011110
00000000011011001001
00000000001101110100
00000000010010110001
00000000010010100101
00000000011001010011
00000000010010110000
00000000001011100111
00000000001111011100
00000000010110111101
00000000011110110010
00000000010111010001
00000000011000101100
00000000011001011110
00000000010001110111
00000000011001101101
00000000011000101000
00000000010110011001
00000000001100110011
00000000010010101001
00000000010111101111
00000000010010001010
00000000010011000100
00000000011101110000
00000000011011001111
00000000011001100001
00000000010000010000
00000000011110011111
00000000001111010000
00000000010100101110
00000000010001111110
00000000001100101011
00000000010100011100
00000000011101111000
00000000011110101101
00000000000110101110
00000000001001000000
00000000001000011100
00000000001110010001
00000000010001100011
00000000010010100101
00000000011010110111
00000000010000000110
00000000011110001111
00000000011000001100
00000000100010111011
00000000100011000100
00000000100001111001
00000000011100001010
00000000010000010111
00000000010011001101
00000000010110100011
00000000010110110000
00000000011000000000
00000000001110001100
00000000010101000100
00000000011110011100
00000000100111010101
00000000010111000010
00000000011110100111
00000000101101011111
00000000011011011001
00000000100001010101
00000000001100110111
00000000011110011110
00000000001011100010
00000000011001001101
00000000010010101100
00000000010001110110
00000000001010011111
00000000010010011110
00000000011000001011
00000000001111111100
00000000000110001011
00000000001010101100
00000000010000110111
00000000011001100101
00000000011001000001
00000000001110100110
00000000100000010111
00000000011000101101
00000000100100000100
00000000010110011000
00000000011101010001
00000000001000100111
00000000010100101000
00000000000101110111
00000000000111011101
00000000000011011101
00000000000110011000
00000000010001010111
00000000011000000100
00000000000111001000
00000000001001100100
00000000001110001101
00000000011001010110
00000000010000000000
00000000001001001110
00000000000100011100
00000000010111001101
00000000010010010111
00000000010010101110
00000000001111111011
00000000100000101010
00000000011011010001
00000000010111001110
00000000010111100001
00000000101000111110
00000000010110111110
00000000011000011010
00000000010010100100
00000000100100110001
00000000010000011001
00000000010010011110
00000000000101110111
00000000011111010011
00000000011101110000
00000000100011100011
00000000010101001001
00000000011000110011
00000000010110110011
00000000100100100101
00000000010000101101
00000000010100010100
00000000001011001111
00000000011010111010
00000000011001100011
00000000100000101000
00000000001001010100
00000000001101101110
00000000011110011010
00000000011110101011
00000000010011100010
00000000001101010010
00000000011101110001
00000000100001010101
00000000010000010110
00000000001101011110
00000000011010111101
00000000011001110010
00000000010100001111
00000000010010001000
00000000101000110100
00000000101001000100
00000000001010111010
00000000010100001011
00000000011111001100
00000000100010010010
00000000011001000000
00000000010110111010
00000000100010010111
00000000011101100111
00000000010110010100
00000000010111001110
00000000100111110001
00000000010001110000
00000000000110101001
00000000010000110101
00000000011010010101
00000000001111011110
00000000001101011100
00000000100000111110
00000000011101110001
00000000011100001010
00000000011011110101
00000000101010001100
00000000100001010110
00000000011110100001
00000000010000111001
00000000011101010011
00000000011111110110
00000000100010011000
00000000000100000000
00000000100000111011
00000000010101111100
00000000101000011001
00000000001101001001
00000000010110001100
00000000010011000011
00000000011011001011
00000000001111010100
00000000001010101011
00000000100101001111
00000000010100100110
00000000001011101100
00000000010111100000
00000000001100101110
00000000000000110011
00000000010110010101
00000000010111101110
00000000001101010010
00000000001110011011
00000000100100110001
00000000100111100100
00000000001100110000
00000000010010101110
00000000011010100111
00000000011100010001
00000000011011011001
00000000010100100000
00000000001100010101
00000000010010110011
00000000010100101011
00000000000010110100
00000000010110101000
00000000100000000100
00000000010100001011
00000000010111101100
00000000011011001101
00000000100110001010
00000000001100010101
00000000100100110001
00000000010101001001
00000000011101101101
00000000001010110011
00000000010110011010
00000000010110111001
00000000010000100110
00000000001110001111
00000000010111100010
00000000100010001000
00000000001010000001
00000000010101000101
00000000010110001011
00000000011100010011
00000000010001010110
00000000010100010011
00000000001100101110
00000000010101011111
00000000010111011110
00000000010101110010
00000000010010001010
00000000010101011001
00000000010000101001
00000000011101111100
00000000100111000000
00000000001000000100
00000000000010111001
00000000001010101000
00000000010000101110
00000000011110110000
00000000011011100100
00000000001101001110
00000000100001001101
00000000011010111001
00000000011100011001
00000000001111001001
00000000010111000010
00000000010111110001
00000000100100010111
00000000010001001011
00000000011001010010
00000000001110000010
00000000010110000000
00000000010000011001
00000000100010111101
00000000010110000100
00000000010100110000
00000000100110001001
00000000010111001010
00000000001111001010
00000000001100011000
00000000011111000111
00000000010100110101
00000000010100101100
00000000001011010110
00000000010011001000
00000000011100101111
00000000001001111000
00000000010010101010
00000000001011100100
00000000011000000101
00000000000100110100
00000000011001011000
00000000010011111010
00000000100010001001
00000000011100001000
00000000011101011100
00000000100010110011
00000000100000110000
00000000100111101001
00000000011111010100
00000000011010111111
00000000011100010100
00000000010100111100
00000000010100010000
00000000001111011010
00000000010001011001
00000000000110111111
00000000000110011011
00000000010101011011
00000000010110100011
00000000010011011101
00000000001000011011
00000000011000100010
00000000001111111011
00000000010010010101
00000000000100110001
00000000011010001101
00000000010101000101
00000000001011101100
00000000010010101100
00000000011000001001
00000000001100101111
00000000001000100010
00000000100110110101
00000000010010011011
00000000011001010000
00000000010010000110
00000000011110101001
00000000010010010111
00000000100111010000
00000000100100100111
00000000100100111100
00000000011011011010
00000000011110101000
00000000011111000010
00000000101010001010
00000000011100100101
00000000010010110011
00000000010111110010
00000000010101100101
00000000011110110111
00000000011101100100
00000000010001010000
00000000000110111100
00000000011010101001
00000000011010111100
00000000001011100101
00000000000001100111
00000000100100000111
00000000010010110010
00000000001101100011
00000000000111101011
00000000100010110011
00000000001001011001
00000000000100100000
00000000001100110100
00000000001000100101
00000000001001010100
00000000010111010011
00000000011110100000
00000000011010110110
00000000100001010010
00000000011100110110
00000000011100100111
00000000001010100010
00000000011110011101
00000000010010010001
00000000010010100011
00000000010000111001
00000000011101111001
00000000011001111000
00000000011010001001
00000000011110111001
00000000011110100101
00000000100111011000
00000000011110111111
00000000011011111101
00000000010001000000
00000000011100100000
00000000011101100000
00000000011100001010
00000000011011000111
00000000010000101110
00000000011000111110
00000000100011000011
00000000011011000011
00000000011000000001
00000000010011100011
00000000011011110000
00000000011010011110
00000000011001100000
00000000010010110101
00000000010000111111
00000000011000100000
00000000011100101011
00000000100001011011
00000000100011001111
00000000100110011100
00000000011111100111
00000000001111100100
00000000100001000001
00000000011001100000
00000000011111010110
00000000010101001110
00000000001011101101
00000000000101111001
00000000001001011100
00000000001011001010
00000000011000000110
00000000000111001001
00000000010100001010
00000000010001001101
00000000011110101110
00000000010011011001
00000000011110100100
00000000010010101110
00000000010101110110
00000000001100011110
00000000001011001000
00000000010000001001
00000000010011110001
00000000010010101111
00000000001000000011
00000000001101111000
00000000011110011010
00000000011101000010
00000000011101011101
00000000100100100101
00000000100110110000
00000000100100111010
00000000011011010101
00000000011110100101
00000000011001000001
00000000011001111110
00000000010101011011
00000000011101000101
00000000010110010010
00000000100001101111
00000000011111111001
00000000001111110010
00000000010111100011
00000000010110101001
00000000100110011011
00000000001101111110
00000000010010101001
00000000010110100001
00000000001111101110
00000000000010001110
00000000001011100101
00000000010100111111
00000000010111000100
00000000010010111100
00000000010100100000
00000000011101101101
00000000001001001011
00000000000001010100
00000000001100100101
00000000010110001100
00000000100000111011
00000000100101110000
00000000001010111010
00000000010110010111
00000000100000101000
00000000101101011101
00000000010011101000
00000000001100011001
00000000010001110011
00000000011110101101
00000000011100111111
00000000001110001100
00000000011011010010
00000000011110110010
00000000011011010011
00000000011000001100
00000000001011111101
00000000001110001000
00000000001101101111
00000000010111101100
00000000010000010100
00000000010011010101
00000000000111001001
00000000001000101001
00000000010101111100
00000000011100010111
00000000001100111010
00000000010010010110
00000000010100000111
00000000100111111111
00000000011010110001
00000000010010011111
00000000000110101110
00000000100100001000
00000000101001110001
00000000011101100101
00000000011001101101
00000000100000101110
00000000101011000100
00000000010110010110
00000000100111100011
00000000100111001001
00000000101111001010
00000000010111010100
00000000010101101010
00000000011101000000
00000000010010101010
00000000000111000111
00000000000101111010
00000000010000001001
00000000011011110000
00000000011010111100
00000000011101111010
00000000001110111010
00000000001100110000
00000000011101110010
00000000011010001101
00000000001101011011
00000000001011110111
00000000100000100010
00000000001100101100
00000000001100111001
00000000010111101110
00000000010110111010
00000000001100010110
00000000011010000010
00000000011110011001
00000000010000010011
00000000010101100001
00000000100010010101
00000000010100010110
00000000010000010101
00000000011110011110
00000000011101101000
00000000010100001010
00000000011000010101
00000000011101111010
00000000001001110010
00000000010011001101
00000000011000100101
00000000011101000100
00000000001100010110
00000000001011101101
00000000100101010111
00000000011110000111
00000000011000101110
00000000010101101000
00000000101010000110
00000000101000000100
00000000011100110010
00000000011000001111
00000000010011110101
00000000011001101110
00000000010101010001
00000000001111101000
00000000001001011101
00000000000111010010
00000000001100111110
00000000000100010000
00000000010000010010
00000000010101101100
00000000010000100110
00000000001101010000
00000000010000111011
00000000001110110110
00000000010011000001
00000000011001001000
00000000001110010101
00000000010001001001
00000000001010001101
00000000001110001001
00000000010111000100
00000000010000110010
00000000001001110001
00000000010111111011
00000000011000001010
00000000011000000101
00000000010100110101
00000000101011101000
00000000010001011001
00000000100010110110
00000000100001111110
00000000101010110100
00000000101000100000
00000000011001100100
00000000100000000011
00000000101001010010
00000000010101100100
00000000000101010000
00000000001110001000
00000000100000101001
00000000001100101010
00000000001101001010
00000000010100001101
00000000010110100001
00000000010101100001
00000000001001000001
00000000010010100010
00000000001000110010
00000000100000001011
00000000001000101000
00000000001000101000
00000000001100100001
00000000011011011001
00000000011101011100
00000000010000101001
00000000000011101001
00000000001000111010
00000000000101011111
00000000010101111010
00000000011110010110
00000000001111011001
00000000011101110010
00000000010111000001
00000000011100001010
00000000011010100100
00000000100010100011
00000000001011001101
00000000001100101111
00000000011110111000
00000000010011110100
00000000011110001101
00000000011001001110
00000000011111010010
00000000001100111001
00000000100111010001
00000000100100010000
00000000100010111011
00000000100000110100
00000000100011000001
00000000100000001000
00000000001111110000
00000000011101001001
00000000100000011111
00000000010010100010
00000000001010000110
00000000010111000011
00000000011000111110
00000000001111101001
00000000010001001000
00000000011111101001
00000000010011110101
00000000011100001001
00000000011001100001
00000000011000011000
00000000001111100010
00000000011001010100
00000000100100101100
00000000010110000011
00000000011111101001
00000000010110010111
00000000011001010010
00000000100001111111
00000000101011010011
00000000010111100110
00000000010110110011
00000000001101000111
00000000010000111100
00000000000001100110
00000000000100001111
00000000000100001001
00000000000111110100
00000000000110001000
00000000000111101010
00000000001000011111
00000000001010000000
00000000000010100000
00000000000011110000
00000000001001111000
00000000001010110111
00000000001001000000
11111111111111010011
00000000000010011100
11111111111111011111
00000000000001011101
00000000000101011111
11111111111111011110
11111111111111001110
11111111111011101111
11111111111100111011
11111111111101010011
11111111111111011011
11111111111010100100
00000000000001001101
00000000001000001101
00000000000111001101
00000000000001000111
00000000000101011100
00000000001001100100
00000000001011111011
00000000001010001101
00000000001000101100
00000000000101010100
00000000001001101101
00000000000111000010
00000000000100110010
00000000001100011011
00000000001101101000
00000000001111000011
00000000001010011010
00000000001011110101
00000000001000010100
00000000001001010010
00000000000011001110
00000000000110000110
00000000001000001110
00000000000010111111
00000000000000100110
00000000000110101011
00000000000111101110
00000000001011111110
00000000001111110000
00000000001111001001
00000000001011001010
00000000001000010111
00000000001110110101
00000000001101110000
00000000001100010111
00000000001000101001
00000000001100111000
00000000000100111111
00000000000011101111
00000000001010110101
00000000001101100011
00000000001000110110
00000000001010001101
00000000001110110000
00000000000110010110
00000000000101101001
00000000001100111101
00000000001100110001
00000000001100011011
00000000010010010101
00000000001111000011
00000000001010011010
00000000001101001011
00000000001111010110
00000000001000011110
00000000001101101101
00000000001011100011
00000000001001000010
00000000001010110101
00000000001010001011
00000000001110011010
00000000001100000111
00000000001110111001
00000000001101011110
00000000010010110110
00000000010000101110
00000000001100010111
00000000001000010110
00000000001010000011
00000000001011110111
00000000001011111100
00000000001010001111
00000000001101000100
00000000001100100100
00000000001001110000
