00000000001011000010
00000000000110010011
00000000001100101010
00000000001111011100
00000000001100111110
00000000010110110010
00000000010010100000
00000000010110110001
00000000000011000110
00000000001100111101
00000000010011110110
00000000001001011111
00000000001011111101
00000000001000010011
00000000011110010110
00000000001111010110
00000000010010101111
00000000001000100111
00000000000101001101
00000000000010010111
00000000010011010100
00000000011001110010
00000000001000110001
00000000000001100110
00000000010000001101
00000000001011011110
00000000001011000011
00000000001100001001
00000000000001010001
00000000000110111101
00000000010110110111
00000000011101101110
00000000000000101010
00000000010001011000
00000000010101011000
00000000010100010110
11111111111111010000
00000000010111111100
00000000001011011011
00000000001001011101
00000000001111011011
00000000001011110010
11111111111101111011
11111111111111100110
00000000010001011100
00000000000000110101
00000000001000000100
00000000000111010100
11111111111110111010
11111111111001000001
00000000001110101001
00000000001000100110
00000000010111000101
00000000001110111110
00000000001000011111
00000000001100111001
00000000010100101000
00000000001111011011
00000000001011101011
00000000010010110111
00000000011011000001
00000000001101110111
00000000000100100000
00000000000100111011
00000000010001110101
00000000001100110111
00000000001010010110
00000000000000110100
00000000001100111000
00000000000010110110
00000000011000110101
00000000010111000110
00000000001011010110
00000000000011011011
00000000010101111001
00000000010110011101
00000000010101101000
00000000011000110100
00000000010000111010
00000000001001110101
00000000011011011011
00000000001110111000
00000000010011100000
00000000010001000010
00000000010111110100
00000000000110110001
00000000000101001101
00000000000010111011
00000000010000010110
00000000001111011010
00000000001000110100
00000000001111100111
00000000010101011011
00000000010001110001
00000000001010010010
00000000010101001010
00000000010001001100
00000000010110110011
00000000000100001110
00000000000100011011
00000000000110110101
00000000001011101000
00000000011111011101
00000000011111110011
00000000010100011100
00000000001101111101
00000000100000101001
00000000011010101000
00000000010110001101
00000000100000101110
00000000010001110011
00000000100110100111
00000000010000111010
00000000010100011110
00000000010110101101
00000000100110010111
00000000100000001000
00000000011000110101
00000000011111000000
00000000101001010011
00000000100010001011
00000000100011000110
00000000001100001110
00000000010011111101
00000000011100000000
00000000100111001001
00000000010010100000
00000000000111110100
00000000100001100110
00000000010101011111
00000000011100111010
00000000001110001110
00000000101000010100
00000000011110010000
00000000010100010001
00000000010001100100
00000000100001011101
00000000100001100001
00000000001101000001
00000000010000001101
00000000010110010111
00000000011001010000
00000000011110100111
00000000011110101101
00000000100010110011
00000000011011110001
00000000100001001111
00000000011011101011
00000000010101011101
00000000010011100111
00000000001000011100
00000000010011001100
00000000011110001010
00000000101101001110
00000000011011000001
00000000010000110001
00000000011001100010
00000000011100011010
00000000100011100100
00000000011011110101
00000000000111010010
00000000001001011101
00000000011000000001
00000000100111101011
00000000010011011000
00000000010001001101
00000000011000101110
00000000011010001110
00000000011100001100
00000000011000100111
00000000001100110110
00000000001100000111
00000000011010010110
00000000011000001101
00000000011111101011
00000000001000001001
00000000010001011001
00000000010101101001
00000000101101011111
00000000011011011100
00000000000100110000
00000000011001010110
00000000011111010101
00000000010001001000
00000000001001001100
00000000010010100111
00000000011011011111
00000000010011001100
00000000001101000111
00000000011000101000
00000000001101101000
00000000011110101111
00000000010000101111
00000000011010010110
00000000000101001011
00000000011100101001
00000000001111111111
00000000001010001110
00000000000000100011
00000000010000011011
00000000001101101101
00000000001110110110
00000000100011100100
00000000011111101000
00000000010100001011
00000000010010101110
00000000010110001011
00000000010101010100
00000000011101001010
00000000011000110010
00000000010011010100
00000000000110111000
00000000100011100111
00000000011011111100
00000000011011110010
00000000001100111100
00000000100110111110
00000000100011100101
00000000011110010001
00000000001011100011
00000000011000111110
00000000010110010101
00000000100010111111
00000000010011011001
00000000011100110100
00000000010000101010
00000000011011011011
00000000010101110001
00000000011000000101
00000000011100001101
00000000011011010011
00000000010010000111
00000000000011001010
00000000010110010111
00000000011101011100
00000000100100100001
00000000010000111011
00000000011100111001
00000000001111100101
00000000011100100110
00000000001111100000
00000000011000110000
00000000010011100111
00000000010000001100
00000000001100001011
00000000010010101100
00000000010111010001
00000000011010100101
00000000000000111001
00000000000101010000
00000000001010110011
00000000010000011011
00000000010010111100
00000000010101101000
00000000011011000011
00000000010011110010
00000000010100111101
00000000011000111101
00000000010100111111
00000000001101011110
00000000100100011000
00000000011010000010
00000000001000110001
00000000010001000101
00000000010111100011
00000000000110001100
00000000001010010001
00000000011100011011
00000000010001101010
00000000010010001111
00000000010011110001
00000000011101010110
00000000100000011000
00000000100111011110
00000000010000100101
00000000010011100000
00000000100010010000
00000000011101000001
00000000010011010000
00000000100100010110
00000000101001101001
00000000010101011111
00000000011000001100
00000000100111000001
00000000101100000010
00000000011100011101
00000000011000111001
00000000010001001101
00000000010110010110
00000000010111110011
00000000010111011010
00000000010011101111
00000000001000010011
00000000100001000000
00000000100101100011
00000000100110101100
00000000011100111111
00000000100111111110
00000000010110111000
00000000001000111111
11111111111111111100
00000000001111011101
00000000011011100010
00000000100000110010
00000000001110001011
00000000010100011100
00000000011011000110
00000000100001100010
00000000010110101110
00000000010001001110
00000000011010010101
00000000100010010010
00000000011110111001
00000000001010001001
00000000011111001011
00000000100110001101
00000000101001111010
00000000001110001000
00000000011110001000
00000000100100000110
00000000011011111100
00000000011001000011
00000000001110100111
00000000011111111001
00000000001000011011
00000000011110111111
00000000010010011111
00000000011100110110
00000000010100010011
00000000011100011011
00000000010111000011
00000000011100101100
00000000011010000010
00000000010011110110
00000000010010001111
00000000001110111111
00000000001000000100
00000000000101111000
00000000010100010000
00000000011010111101
00000000010100010001
00000000010100011000
00000000010100010011
00000000100111110100
00000000010010100010
00000000001010100011
00000000011001001011
00000000100011110100
00000000001000110100
00000000000010000011
00000000001000001111
00000000010010001000
00000000011101000011
00000000010001000010
00000000011000000100
00000000010010000110
00000000100001011001
00000000001111100000
00000000011010001011
00000000000101110001
00000000001101010011
00000000000101011100
00000000001111110010
00000000011001010111
00000000100001010111
00000000001101101101
00000000010001100111
00000000011001001101
00000000011010110010
00000000011001011000
00000000001010000111
00000000010001001010
00000000010000111110
00000000011100001111
00000000010000010001
00000000010001100101
00000000010100011110
00000000011000010101
00000000011010011111
00000000001010110101
00000000000101110101
00000000011110010110
00000000100010111110
00000000011010111111
00000000001100011101
00000000010001010011
00000000001110100010
00000000011101010001
00000000001011000100
00000000010001001011
00000000011011101110
00000000011001001010
00000000010100001011
00000000010100001101
00000000010111001110
00000000001111100000
00000000011010010111
00000000001101110101
00000000000001100101
00000000001000100110
00000000000101111111
00000000001010011000
00000000011010101110
00000000010000010110
00000000011011000010
00000000010011000100
00000000010100011100
00000000010100000111
00000000011110101011
00000000010100100111
00000000001011111001
00000000001111000001
00000000010100100100
00000000011101010101
00000000010110110101
00000000010101110111
00000000001001100100
00000000010101111101
00000000100100111000
00000000100111111110
00000000001011001011
00000000011110111010
00000000101101001111
00000000011110011101
00000000011100111110
00000000011100110000
00000000011101110110
00000000011011100101
00000000100100100110
00000000011010100110
00000000011101000100
00000000100110100110
00000000010010110011
00000000011000000010
00000000010111100101
00000000101010100100
00000000001011000010
00000000100101101000
00000000010000100101
00000000100100000010
00000000001110100101
00000000011111011000
00000000001010011110
00000000001111001011
00000000010010001010
00000000010001111110
00000000011101111101
00000000001111101100
00000000001010011101
00000000000010101000
00000000001100000101
00000000001001111011
00000000010011111011
00000000100100010011
00000000010100011101
00000000010101100001
00000000100001001110
00000000100100001000
00000000010111101100
00000000010110101101
00000000011111000100
00000000100000011100
00000000010100001010
00000000010100100000
00000000010011111011
00000000010000010111
00000000011000100100
00000000100010101000
00000000010011100111
00000000001110011011
00000000010011010000
00000000011011011010
00000000001100010000
00000000001010011101
00000000000110001100
00000000010010110010
00000000011101110110
00000000011100000100
00000000011101101101
00000000011110100101
00000000100100011000
00000000001100000000
00000000011100110010
00000000011110000001
00000000011100111101
00000000011000000101
00000000011011011010
00000000100000000110
00000000010000101111
00000000011010101001
00000000011110100010
00000000010111001011
00000000010101101100
00000000011110011110
00000000011101110010
00000000010011100110
00000000100010100011
00000000011011111101
00000000001011011000
00000000001110010011
00000000010011010100
00000000001001001100
00000000001000010001
00000000011010001001
00000000011111000011
00000000000100010010
00000000001110101000
00000000011101000010
00000000100001001000
00000000000111111000
00000000011101000011
00000000100001110011
00000000101000111100
00000000000111111100
00000000011001001000
00000000100010001011
00000000101101111101
00000000001011001101
00000000000110100110
00000000001111100100
00000000011000011101
00000000010110111111
00000000011010000111
00000000011110110001
00000000011100001111
00000000011010001100
00000000100011101010
00000000100010001001
00000000100011011100
00000000010100001000
00000000001110101000
00000000011110000010
00000000011101001110
00000000010110110111
00000000010101010101
00000000011110111110
00000000010001101011
00000000011011011110
00000000010101100110
00000000100110010100
00000000000101110101
00000000011011111011
00000000001110110010
00000000100110100111
00000000010011011101
00000000010000011000
00000000011011000101
00000000011000010110
00000000001010010101
00000000000110101000
00000000010000010101
00000000010000101110
00000000100101110101
00000000011011010100
00000000011110110101
00000000010000001110
00000000100001000010
00000000001010100101
00000000100010000001
00000000010001111011
00000000010001111111
00000000000111010000
00000000010001100011
00000000011010001101
00000000010001000011
00000000010101101011
00000000011111011011
00000000010111011000
00000000011011001100
00000000011001111101
00000000100100100001
00000000100011110011
00000000100100011111
00000000100101111100
00000000011010010100
00000000010011111101
00000000011001011110
00000000100101110010
00000000010100001100
00000000000111101011
00000000011001110100
00000000100111000000
00000000010101111111
00000000010000010010
00000000010111010000
00000000001111110011
00000000000011011110
00000000001011101111
00000000100000100110
00000000010111010000
00000000010011011001
00000000011001011011
00000000100101010111
00000000011011111110
00000000011111000111
00000000100000000110
00000000010000110010
00000000001101110011
00000000001010100100
00000000001001100100
00000000000011011011
00000000000010010000
00000000001001101001
00000000011101001010
00000000010011110100
00000000010101110010
00000000000010010001
00000000001111011011
00000000011000010000
00000000100000011110
00000000001011010110
00000000001011010000
00000000010000000000
00000000011100110101
00000000001111000110
00000000010001110110
00000000001001000111
00000000001111111101
00000000001101101000
00000000011011111101
00000000010010000000
00000000001011011111
00000000001001101111
00000000011011111100
00000000010000000101
00000000000011001110
00000000000110101110
00000000100001010101
00000000010111000100
00000000001011011001
00000000010110101100
00000000110000011110
00000000011111111000
00000000001100111110
00000000010110101000
00000000101111011001
00000000011010110111
00000000011001011100
00000000011111101000
00000000101010100010
00000000010111000111
00000000011010111011
00000000001100100011
00000000011001000110
00000000100001101100
00000000010111111011
00000000000110010011
00000000001011000000
00000000010111100010
00000000001100101001
00000000010011101100
00000000001101011011
00000000100111001110
00000000011001110001
00000000010100001110
00000000011001010001
00000000011100101011
00000000001100110001
00000000001111101001
00000000011110110011
00000000010100001010
00000000011011001001
00000000100110111011
00000000100111101000
00000000011000111000
00000000011011010111
00000000100111010010
00000000100111010000
00000000010000001100
00000000001100000011
00000000100000110000
00000000011100110110
00000000010000011001
00000000000111010001
00000000100110101100
00000000011100010000
00000000100011100001
00000000010010100000
00000000011110010000
00000000100001110001
00000000100110011011
00000000001011100000
00000000011100011011
00000000011011000000
00000000100010011110
00000000011101100011
00000000010101100100
00000000001110111000
00000000010011011110
00000000010100100100
00000000010010110111
00000000001110110010
00000000010111000000
00000000000111011010
00000000011010001011
00000000011001011000
00000000011000001001
00000000011101001001
00000000001111001001
00000000010000100110
00000000010010100010
00000000011001001100
00000000011100100001
00000000010111111000
00000000011000100110
00000000010111001100
00000000101010111110
00000000011100100101
00000000011101110000
00000000001101111100
00000000100011011000
00000000011101000000
00000000010100011110
00000000000000000100
00000000001010011011
00000000011010110110
00000000011101011011
00000000010101001100
00000000001001010100
00000000011100001011
00000000100011001100
00000000101000011111
00000000011000111101
00000000011100010001
00000000101010011010
00000000011101000101
00000000011110100011
00000000011001111000
00000000101100011001
00000000011011101110
00000000010001010001
00000000010000010101
00000000011110010111
00000000100100010001
00000000011010000111
00000000010000001100
00000000011100001110
00000000100001111000
00000000010001101000
00000000010011010110
00000000011110000101
00000000100100101011
00000000010001001100
00000000011110010110
00000000100011010101
00000000101010010000
00000000010111010110
00000000011000111001
00000000001110100001
00000000001100001100
11111111111110111001
00000000000001000101
00000000010111001111
00000000000011100011
00000000010001101011
00000000001111111111
00000000100101101011
00000000010010010110
00000000011110110010
00000000011010111100
00000000011110010110
00000000010011000010
00000000010010010110
00000000010101001000
00000000001101111001
00000000011110000110
00000000010011111000
00000000010001000101
00000000001010110011
00000000010010110111
00000000011100010011
00000000100000100101
00000000010010001000
00000000000100111010
00000000100001100101
00000000100000001010
00000000010010111101
00000000001001101010
00000000100010001100
00000000001101011110
00000000011000111000
00000000000101100100
00000000011001011101
00000000010010001011
00000000011001000101
00000000000110101111
00000000001111100000
00000000011101111100
00000000010111111111
00000000011101001001
00000000100100011000
00000000101000111101
00000000100100010001
00000000100100001100
00000000010110010100
00000000100101011011
00000000010001010100
00000000010110101110
00000000000101010010
00000000010010000111
00000000001110100001
00000000000100001011
00000000010000011011
00000000100001111100
00000000011010010111
00000000011001010010
00000000010001010101
00000000000101100111
00000000001001110111
00000000001111010011
00000000011101100011
00000000010111000001
00000000100000100000
00000000010011000010
00000000100110000111
00000000100011011100
00000000100011011011
00000000000101110101
00000000011000111100
00000000011101111011
00000000100110110100
00000000001010100000
00000000001111000110
00000000011001000101
00000000011111110101
00000000010000111000
00000000001100110011
00000000011011001101
00000000010000000101
00000000010001101000
00000000001100001110
00000000100101100111
00000000010110010010
00000000010110100011
00000000010111001001
00000000100110101001
00000000011010010110
00000000010100111011
00000000010111001001
00000000010101011010
00000000011000000101
00000000010101110000
00000000001100111001
00000000001100110100
00000000011111011101
00000000011000000110
00000000001111010000
00000000010010111010
00000000001111100000
00000000001111001000
00000000011011101100
00000000011001010000
00000000100000011001
00000000010110111001
00000000100011110011
00000000011101011001
00000000010101011110
00000000001001000101
00000000001110010001
00000000011110111101
00000000100111010110
00000000010111111111
00000000011111011101
00000000100100001011
00000000011011101111
00000000010111110010
00000000100111101001
00000000011010101111
00000000011001000100
00000000100000000111
00000000101001001110
00000000011000001010
00000000010101010011
00000000100100101001
00000000101000100100
00000000100101101100
00000000010000101000
00000000010000100100
00000000011101000110
00000000100101001011
00000000100100010110
00000000010101110001
00000000010110100101
00000000011010000100
00000000011010110000
00000000100000110100
00000000010001100011
00000000010101000110
00000000010110011111
00000000001111000000
00000000010011110000
00000000100000011110
00000000011000100001
00000000010001110110
00000000011011001000
00000000101101000110
00000000011100010001
00000000101001011100
00000000000110101111
00000000001000010111
00000000000100101011
00000000000100110011
00000000010100010010
00000000001010100111
00000000010101100111
00000000001110000101
00000000011011101100
00000000010000001110
00000000011110010110
00000000001111111101
00000000010101000111
00000000001010111001
00000000010010110011
00000000001110100101
00000000010001111100
00000000001110000100
00000000001000010110
00000000011100010011
00000000011001100100
00000000010110101011
00000000000111110110
00000000010001000000
00000000010101001001
00000000010100111111
00000000010010110100
00000000010110110000
00000000011001110110
00000000010001101101
00000000010101010000
00000000011000111001
00000000010010101011
00000000001010001111
00000000001111100000
00000000011001111010
00000000010001111111
00000000010000101101
00000000010010010111
00000000011100101010
00000000010000001001
00000000001111110011
00000000010000110100
00000000101001101110
00000000010110000100
00000000100110001101
00000000010010101000
00000000011011111011
00000000010010010110
00000000011001100000
11111111111101001010
11111111111100111001
00000000010000100011
00000000000100111000
00000000011111011001
00000000000101101010
00000000001110111011
00000000000100101101
00000000100011111001
00000000010110110101
00000000100111000101
00000000011111000101
00000000001101100001
11111111111110011111
00000000010010100010
00000000100001001011
00000000011111011101
00000000010000000001
00000000010101111011
00000000011000011101
00000000100001110110
00000000001110100010
00000000100000010011
00000000100000011101
00000000011111001101
00000000010010100001
00000000100110000100
00000000100101011001
00000000010100001100
00000000001100001100
00000000011001001101
00000000010011110011
00000000011111111011
00000000010001101111
00000000011011001000
00000000001101101101
00000000011000000101
00000000010101010110
00000000010000001101
00000000011111110011
00000000011101110000
00000000100110101011
00000000011000001110
00000000011010011001
00000000101111111001
00000000011100001011
00000000011001100011
00000000011000011001
00000000100100110101
00000000011010101111
00000000001001010000
00000000010000101111
00000000010110111111
00000000010111100111
00000000001100100111
00000000101010010010
00000000001111100000
00000000010001110100
00000000011110110011
00000000101001011100
00000000011011010111
00000000001010010010
00000000011010001101
00000000011100100101
00000000101001010011
00000000001011011000
00000000011001010101
00000000100000011110
00000000011100110100
00000000010000101110
00000000011011001110
00000000010100111001
00000000001111011000
00000000010011011010
00000000011001001001
00000000001101100101
00000000010011011111
00000000010011001011
00000000100001110101
00000000011101000001
00000000010000101111
00000000010110011010
00000000010011111001
00000000011100010000
00000000010110001000
00000000100111010000
00000000000110000011
00000000011111010111
00000000010000110101
00000000010011010000
00000000011001111001
00000000011001111010
00000000001100000011
00000000001001011101
00000000010101000100
00000000010000101010
00000000011100100000
00000000011001101001
00000000010111110110
00000000011110011110
00000000010000110101
00000000001000100011
00000000001111010011
00000000000101000000
00000000010010111100
00000000010110110111
00000000100000010100
00000000010111011100
00000000011110100101
00000000011111001000
00000000011000111111
00000000011010111001
00000000011011010100
00000000100100000000
00000000101101101011
00000000100111001101
00000000011000001011
00000000010100100101
00000000100100111111
00000000011001000110
00000000011010010110
00000000011011010101
00000000100000100110
00000000010011100010
00000000011110100000
00000000010110000100
00000000001111000101
00000000011010110010
00000000011011001110
00000000011110110000
00000000100000100100
00000000011010100001
00000000011010011101
00000000010111110100
00000000011101001101
00000000001000110111
00000000001110100101
00000000011110011001
00000000010100100110
00000000000110010101
00000000010110101110
00000000010111010010
00000000001011001101
00000000010011111000
00000000011010111001
00000000100000110110
00000000010010111011
00000000010101001100
00000000001011100100
00000000011111011110
00000000001010001100
00000000001000100011
00000000001010011001
00000000001110110101
00000000011101101010
00000000011100001010
00000000011000010011
00000000010011111100
00000000011010100011
00000000001000100011
00000000010000111101
00000000010000001010
00000000001111111111
00000000001000011001
00000000000111100010
00000000001111111101
00000000000011001111
00000000010010111111
00000000000111101101
00000000010100111101
00000000011110111110
00000000011101001011
00000000001100111101
00000000011010111000
00000000011001100011
00000000010100101001
00000000001100000101
00000000100000000011
00000000011001101000
00000000010010010111
00000000010111011010
00000000011011101011
00000000010111001000
00000000011001111001
00000000011010101001
00000000011011000100
00000000011110101110
00000000011110111000
00000000100010011011
00000000010011100111
00000000011110001001
00000000011100000111
00000000011011100111
00000000010110100111
00000000011001100000
00000000011000011110
00000000001101110101
00000000011000010100
00000000011010010000
00000000100010010010
00000000001000110100
00000000001111010010
00000000011000100110
00000000000100101111
00000000011111110011
00000000001000000111
00000000010001001000
00000000001011011011
00000000001001110001
00000000001110010000
00000000011001010001
00000000101001010001
00000000011101111000
00000000001110000001
00000000001100100101
00000000011110000110
00000000011110111010
00000000010001010101
00000000010001110101
00000000010000010110
00000000100010000111
00000000010110000110
00000000011110000101
00000000010101110110
00000000100000100100
00000000010001101101
00000000011000011100
00000000100100010011
00000000100010011100
00000000010010101000
00000000010100010000
00000000100010001010
00000000011001110010
00000000001101010011
00000000010111000110
00000000011010111111
00000000010111011110
00000000100011011001
00000000011001110011
00000000010011111111
00000000010110111000
00000000011100000001
00000000100100011100
00000000000111000000
00000000011000011100
00000000010000001111
00000000100010100111
00000000010000111111
00000000100100001100
00000000100010001010
00000000001110001001
00000000001001011111
00000000000100111100
00000000001110111100
00000000010000101000
00000000011101011100
00000000011010001111
00000000011100101010
00000000101011101010
00000000101000110011
00000000100110111010
00000000011001101101
00000000100111111000
00000000011011101000
00000000011101000100
00000000011001100011
00000000011111001111
00000000100000010101
00000000100011101101
00000000011110111001
00000000010011111000
00000000010011111100
00000000010110010101
00000000011100011010
00000000100110011011
00000000011101001101
00000000001101011101
00000000001011001011
00000000011011111101
00000000011110100010
00000000010100100001
00000000010010011000
00000000010010000011
00000000010011111100
00000000010000110001
00000000010001001101
00000000000110100000
00000000010000100000
00000000010001010000
00000000011001001110
00000000011010001110
00000000011000010011
00000000011001100101
00000000101100011101
00000000011100111111
00000000011101000011
00000000010001010101
00000000010011000011
00000000000110101001
00000000011010100000
00000000000111111001
00000000000000101110
00000000001001000001
00000000001101011100
00000000010111101000
00000000100001101111
00000000010100100000
00000000011110100110
00000000011101010110
00000000011000100110
00000000011000110011
00000000001100000010
00000000010010001011
00000000011011010101
00000000100001100011
00000000010101111000
00000000010110000101
00000000011100011001
00000000011010000001
00000000100000111111
00000000010001101001
00000000010000010001
00000000010011111100
00000000010101010010
00000000011001101001
00000000011000110111
00000000001110110111
00000000010000111000
00000000100010011011
00000000011000110011
00000000100101111110
00000000010101100000
00000000101000001101
00000000100011101111
00000000101000100111
00000000011000111100
00000000011011101101
00000000011101100000
00000000011111001100
00000000001101110010
00000000001111100110
00000000010010110111
00000000010111111000
00000000010000010110
00000000010100111111
00000000011100110000
00000000010010000011
00000000001101010111
00000000011110001011
00000000011101101110
00000000000111110000
00000000000010111100
00000000010000111000
00000000010110101101
00000000010110100100
00000000100110100001
00000000010011010100
00000000011010011011
00000000011001110101
00000000100010010001
00000000010010111101
00000000011101110111
00000000010111000101
00000000100110010111
00000000011011011100
00000000011100000111
00000000000111010110
00000000011001001011
00000000010011011100
00000000011100011000
00000000011000011111
00000000010001010101
00000000011010010011
00000000100010111000
00000000010101011110
00000000010101000000
00000000010001101000
00000000010100110110
00000000001110011010
00000000011011011101
00000000001101011100
00000000001100101010
00000000001100010111
00000000100110011100
00000000010010110100
00000000001110100101
00000000010000110100
00000000100000101000
00000000100111011110
00000000010010111011
00000000001101111110
00000000001111111111
00000000100000000110
00000000000001011011
00000000010011011001
00000000001110011111
00000000001111110000
00000000011111011000
00000000101001011000
00000000100011011111
00000000000111111101
00000000010110110001
00000000010001011011
00000000001010110010
00000000011100110100
00000000010100110101
00000000011110000000
00000000100000111010
00000000011000011100
00000000100001111111
00000000011100001100
00000000011010001110
00000000001100111011
00000000010101000101
00000000000100110111
00000000001000011011
00000000010011011001
00000000010110011000
00000000011110101100
00000000001111001010
00000000011011110110
00000000010100100000
00000000100101001001
00000000001000110110
00000000011011110100
00000000011101010111
00000000100000111110
00000000100100101100
00000000101101010100
00000000100000100100
00000000010011100101
00000000101000001010
00000000100010010011
00000000011100110000
00000000001101100000
00000000001100010101
00000000001001110111
00000000010111010010
00000000011010000101
00000000000110011111
00000000010101100001
00000000010011011001
00000000100111100001
00000000000110000001
00000000010001011011
00000000001101011100
00000000011111000001
00000000010010111010
00000000011010001111
00000000001111001111
00000000000100101001
00000000001000010111
00000000001101100010
00000000001010000000
00000000010010100100
00000000011000111011
00000000011001010101
00000000011100011111
00000000010111010110
00000000100000110110
00000000011101000001
00000000010110101111
00000000100001000010
00000000011011000100
00000000100011111011
00000000100000010011
00000000101111110100
00000000100100001110
00000000101000100111
00000000011100111101
00000000011100101001
00000000100001111001
00000000011100001110
00000000000110110100
00000000001110101010
00000000001111111010
00000000010001000011
00000000010010101010
00000000010010001111
00000000001111110001
00000000011000101101
00000000001101000110
00000000001000010011
00000000001110110111
00000000011100110110
00000000010100110111
00000000010000101001
00000000011001011111
00000000100010101001
00000000010111000110
00000000100000101010
00000000010011000101
00000000010101010001
00000000100011000011
00000000100110101100
00000000100100010111
00000000011011001000
00000000100011111001
00000000001100000010
00000000010000001000
00000000001000001110
00000000001110000010
00000000001111100101
00000000010000100000
00000000010101100101
00000000100000010111
00000000001101000010
00000000011110010010
00000000011100100111
00000000010010001011
00000000100000101001
00000000011111100001
00000000011011110000
00000000010101111011
00000000101001000000
00000000100100001000
00000000010011010110
00000000100100001100
00000000011100000000
00000000011010010000
00000000010011101011
00000000100011101011
00000000011110010000
00000000010100010101
00000000010000011110
00000000011100011111
00000000010101110101
00000000001110110111
00000000001110101110
00000000001011010001
00000000011111110101
00000000001010000001
00000000010011010111
00000000010110001111
00000000011001111111
00000000011010000101
00000000010010010101
00000000001110000110
00000000010011011010
00000000001010001010
00000000010000000001
00000000010001111011
00000000001111001101
00000000001100101110
00000000011000000000
00000000011001110010
00000000001010101001
00000000011010000100
00000000011000011011
00000000010110011000
00000000001011100001
00000000010101001101
00000000001001100000
00000000000100001111
00000000010000101000
00000000100110100010
00000000011011000001
00000000010100011111
00000000010000101001
00000000011011011010
00000000011100010111
00000000101000001001
00000000001111011100
00000000010010111100
00000000011100000101
00000000011101110101
00000000000111000111
00000000010110001110
00000000011011001001
00000000010111010010
00000000010111110001
00000000010011110001
00000000010111011100
00000000010101000100
00000000100001110001
00000000010110000010
00000000011011111001
00000000011000011000
00000000010100000111
00000000011101000100
00000000100100011110
00000000100010011010
00000000001011011010
00000000010111100011
00000000100010111011
00000000100001111101
00000000010111111101
00000000001001000101
00000000010101011101
00000000011010110001
00000000010010111001
00000000001011010010
00000000011001100110
00000000001010110100
00000000001110000100
00000000010111001011
00000000011000011100
00000000010110011111
00000000010110111101
00000000011100111010
00000000001011000111
00000000001111010001
00000000010010000010
00000000010010010100
00000000011100010101
00000000101110000100
00000000101010010100
00000000011011000111
00000000010101011000
00000000101100001010
00000000011010010011
00000000010101000011
00000000010011000010
00000000010111000010
00000000000101001101
00000000011010110010
00000000010110110110
00000000011010001110
00000000011010001111
00000000100100110101
00000000011010111100
00000000100100011010
00000000100001110110
00000000011000011101
00000000011100100011
00000000011101001001
00000000010011000011
00000000010000000111
00000000100001110011
00000000010011101001
00000000010001011010
00000000100001100100
00000000100000001101
00000000010100010011
00000000010001100011
00000000010100110011
00000000011001010010
00000000010110000011
00000000011100000111
00000000010011100101
00000000010001011001
00000000010010010001
00000000010011001101
00000000010010010011
00000000010000100010
00000000100010100110
00000000011100011001
00000000100001110001
00000000010011010100
00000000011010011111
00000000001100000100
00000000001101011111
00000000010011101011
00000000001010110010
00000000000101010011
00000000010101101111
00000000011001110010
00000000001000101100
00000000010111011011
00000000101000100110
00000000101000000110
00000000010111100001
00000000100111001001
00000000101000000100
00000000011110110001
00000000101110011011
00000000101111101001
00000000101000100010
00000000010011111110
00000000011111010011
00000000010011001100
00000000011100011111
00000000001101101100
00000000010100011101
00000000000110101101
00000000010111100110
00000000001011101011
00000000010000101000
00000000000110010110
00000000001000011011
00000000000111110111
00000000001100011101
00000000000101110001
00000000000010100001
00000000001000110001
00000000001100000100
00000000000111100111
00000000011010110000
00000000100000111001
00000000010000001000
00000000100001011110
00000000010001011100
00000000010100101000
00000000001110101110
00000000101001101010
00000000001100100010
00000000001001000101
00000000001011011000
00000000011111010010
00000000010001001000
00000000001010111110
00000000001001110100
00000000011000000101
00000000010110000000
00000000010100010001
00000000100000101010
00000000010110101111
00000000100000001111
00000000010000101011
00000000011000011011
00000000000011011110
00000000010001000101
00000000010010110010
00000000001100011110
00000000001101011110
00000000011101000000
00000000010011111011
00000000010101100100
00000000001110010010
00000000100000111101
00000000001110011100
00000000010110100011
00000000011111000001
00000000100000010011
00000000010100010000
00000000010010101111
00000000101010100100
00000000011100101111
00000000011101011111
00000000100010111011
00000000011000111010
00000000010011000000
00000000011100101000
00000000101011110111
00000000010011000011
00000000011111101001
00000000010011010110
00000000100001010000
00000000001101011101
00000000001001100100
00000000001100010101
00000000011110110110
00000000000011111001
00000000011000000000
00000000010110010100
00000000011000000011
00000000000111110100
00000000101000100001
00000000011011100110
00000000011101111001
00000000000111001010
00000000010001101000
00000000001101010010
00000000010110001101
00000000011100001101
00000000100010000111
00000000010110100001
00000000011101000100
00000000011000000000
00000000011010001110
00000000010100001110
00000000011010010000
00000000010001000011
00000000100011111001
00000000011111111110
00000000010100010010
00000000001010010111
00000000100011101011
00000000010111011001
00000000011011111010
00000000010011111101
00000000100001110100
00000000100101101111
00000000011101111010
00000000001101110111
00000000001101110111
00000000011111011011
00000000001111110011
00000000000101000101
00000000001000110111
00000000011101001110
00000000001100111010
00000000010101010000
00000000010010111011
00000000010100000001
00000000011111111100
00000000100111110001
00000000011000111001
00000000010000000101
00000000010101110110
00000000011101000001
00000000011000011100
00000000010100001001
00000000010100001000
00000000010111011000
00000000010110000100
00000000011001111110
00000000101101100010
00000000011100010011
00000000011001001011
00000000000010001010
00000000001100001010
00000000000111110111
11111111111111101111
00000000001001000100
00000000010111011101
00000000010100101011
00000000010100101010
00000000010110101101
00000000010111110100
00000000001111011100
00000000100001000001
00000000011100101111
00000000010011000000
00000000010111000000
00000000010110111010
00000000011010000001
00000000011001110111
00000000100000010100
00000000010001000010
00000000011100101100
00000000011110101000
00000000011101000101
00000000011011110111
00000000010010011000
00000000100101101011
00000000100001011110
00000000011000000011
00000000010011010111
00000000100000000010
00000000011111101110
00000000010001100111
00000000010101100100
00000000011010110000
00000000010001110111
00000000001000001111
00000000010101011101
00000000011000010000
00000000001100101100
00000000001111011011
00000000011111001001
00000000011011000001
00000000011010000110
00000000001000111100
00000000010010111010
00000000001011000000
00000000011100000110
00000000001100101000
00000000011010101110
00000000010011111011
00000000010000101000
00000000001001101111
00000000001111101001
00000000010100110100
00000000010101100100
00000000100001101100
00000000100011100001
00000000100000010110
00000000010011010101
00000000011011000001
00000000100000110111
00000000010100110101
00000000001101001010
00000000010110000001
00000000010000101001
00000000010101001101
00000000010111000010
00000000100101010101
00000000010110101010
00000000100001111000
00000000011000000101
00000000101100011100
00000000001101110011
00000000100011010111
00000000011010000000
00000000100010010100
00000000011001011110
00000000100001110011
00000000010110001001
00000000001010010000
00000000001100010000
00000000001010000111
00000000001010110100
00000000010100100011
00000000100000010010
00000000010000011110
00000000100100101001
00000000101100010000
00000000100100101011
00000000000000101111
00000000100010000100
00000000011000110010
00000000100100111110
00000000010010001111
00000000100001111010
00000000001100111011
00000000010010010101
00000000001010111000
00000000010100000010
00000000001001100100
00000000000100011100
00000000000011001011
00000000001011100001
00000000000101100001
00000000010001000000
00000000100010001101
00000000010001011101
00000000010010111100
00000000010110100100
00000000100100100100
00000000010111110001
00000000011101101110
00000000100101101011
00000000100100111001
00000000100010101110
00000000011001100110
00000000011100101011
00000000010000101111
00000000011111010111
00000000001001010000
00000000011000010011
00000000010110011110
00000000100100010000
00000000001111000000
00000000100011111011
00000000010011100111
00000000011010111101
00000000010000111101
00000000010010011100
00000000011110001011
00000000011101110010
00000000011011101101
00000000011111110110
00000000011011100011
00000000100001011000
00000000011001110000
00000000011110001011
00000000100001110110
00000000011101110110
00000000010111000001
00000000010010010111
00000000100100011001
00000000010010001100
00000000011010111001
00000000001001011100
00000000100010110100
00000000100100011010
00000000101010110101
00000000010101010001
00000000100000011100
00000000010101110001
00000000010011100011
00000000000011100000
00000000011000110000
00000000011010110101
00000000010000101100
00000000001000010000
00000000011100111111
00000000011010001001
00000000010111111111
00000000000111111111
00000000001101101100
00000000001010010000
00000000011111011110
00000000010100111111
00000000001011110110
11111111111111001100
00000000100110111000
00000000011000110001
00000000100000001001
00000000010100101011
00000000011101011000
00000000001101111011
00000000011111101100
00000000011001111000
00000000011100101010
00000000011011011011
00000000011011001010
00000000010101111000
00000000010000001010
00000000100000111000
00000000001110110100
00000000010011111010
00000000000111000011
00000000001010111110
00000000010011010001
00000000010111010011
00000000000101111101
00000000011010100110
00000000011001000110
00000000100001011100
00000000011001010110
00000000010101001110
00000000010001000011
00000000010100100111
00000000010010001011
00000000001010011110
00000000001111100001
00000000001101110100
00000000001110001111
00000000001010100000
00000000001001101000
00000000000101010100
00000000010101000001
00000000011001000011
00000000010110000011
00000000010101101100
00000000100011111011
00000000011100010000
00000000001010111001
00000000010110111010
00000000011100001000
00000000011111010110
00000000000110110100
00000000100000011011
00000000011110100101
00000000011101111110
00000000001000110011
00000000011101010000
00000000100001110010
00000000011101101110
00000000001101010100
00000000010110000001
00000000100011010000
00000000010111110111
00000000010101001100
00000000011111000110
00000000011001111111
00000000010101110111
00000000010111010111
00000000001101001001
00000000011001000010
00000000010100110111
00000000001101100010
00000000001010110011
00000000101100001001
00000000100111111110
00000000011000001111
00000000010000100011
00000000011110111101
00000000011100100101
00000000100011010101
00000000010011011111
00000000010110110000
00000000011001001010
00000000100011000011
00000000011011000100
00000000011110111110
00000000010100101100
00000000010111101011
00000000000111110001
00000000001001000101
00000000010101001011
00000000001000100011
00000000011111011000
00000000010111101101
00000000011111011100
00000000011000011100
00000000100100011011
00000000011100110010
00000000100010101010
00000000011001011011
00000000100010001000
00000000100001001001
00000000010110101011
00000000010010101011
00000000011001011000
00000000011001101111
00000000010000000100
00000000011100000110
00000000010000100110
00000000100010100111
00000000011101100010
00000000110001110011
00000000011101010001
00000000100011110110
00000000010011100110
00000000100111001010
00000000100111000011
00000000100010100000
00000000010111011011
00000000011011011111
00000000100101110011
00000000100100110100
00000000011010101001
00000000001101111010
00000000011011111010
00000000100010001000
00000000011101001001
00000000010000011100
00000000100010011000
00000000100110010101
00000000100101110000
00000000010110000101
00000000100000001100
00000000010001000100
00000000011100101000
00000000010011101110
00000000010100001101
00000000010010000001
00000000001100001010
00000000000100100101
00000000000100010110
00000000000100010011
00000000001010010001
00000000011111101101
00000000010110111110
00000000010000010010
00000000010010001101
00000000011100000000
00000000011111011100
00000000010101110001
00000000100000101010
00000000010110000100
00000000001010000010
00000000001100011010
00000000011111111100
00000000010101111000
00000000010011101100
00000000001001101110
00000000011000100110
00000000010010100100
00000000100101001101
00000000001110100110
00000000001100110110
00000000010011111011
00000000010111111011
00000000100100101111
00000000001011111100
00000000101001100101
00000000011110000000
00000000100011111011
00000000010001010111
00000000011110011111
00000000100000100101
00000000010101100100
00000000011110000111
00000000011110101000
00000000100101101001
00000000011110011010
00000000011100000000
00000000011010001001
00000000011010010010
00000000010001110100
00000000001111110011
00000000100110101111
00000000100000110010
00000000010011000100
00000000010001010001
00000000100100010100
00000000001101101001
00000000001100001101
00000000010010101111
00000000011000111010
00000000010111010110
00000000001101110100
00000000100011110010
00000000100111010001
00000000010111101111
00000000011010100100
00000000010110111001
00000000101010011010
00000000011011000000
00000000100011010011
00000000011001111111
00000000011101101100
00000000010000010101
00000000011001000100
00000000011000111110
00000000010101110111
00000000010111011101
00000000001111010010
00000000001110111111
00000000011101000111
00000000011111110010
00000000011100010011
00000000011111001000
00000000011101000010
00000000011000111011
00000000010101100110
00000000011111110100
00000000010111001100
00000000001100010111
00000000000101010100
00000000011011110011
00000000010111001000
00000000011000011010
00000000001101100110
00000000101010001010
00000000011111110000
00000000011010110000
00000000011000011010
00000000001100111100
00000000000110110001
00000000010110101000
00000000100001000111
00000000001011111011
00000000000001111000
00000000010000111000
00000000011100101000
11111111111110101100
11111111111110010110
00000000010100010101
00000000010001111110
00000000010100000001
00000000001110101011
00000000011110111111
00000000010101110100
00000000001101001100
00000000001011110111
00000000011100111111
00000000011110101001
00000000010001111000
00000000001101010011
00000000100011101110
00000000101011111010
00000000010011100010
00000000011000000001
00000000100101101100
00000000100111100000
00000000010111011000
00000000010100111101
00000000011011001101
00000000100001111110
00000000011101111100
00000000010010010101
00000000010110010111
00000000011100001010
00000000010111010001
00000000010111010101
00000000011100001000
00000000100111101010
00000000100000001101
00000000010100100001
00000000011110100111
00000000100001011010
00000000011010111011
00000000011000000011
00000000001110001100
00000000010111101000
00000000011011011011
00000000110010000000
00000000011010010011
00000000100101011111
00000000100001000110
00000000101000010010
00000000011000000010
00000000011110001110
00000000100000010111
00000000011100000000
00000000001101011101
00000000001001101100
00000000011001011100
00000000010001010010
00000000010100011000
00000000100011000100
00000000100001111101
00000000010001101110
00000000010101111111
00000000011100101010
00000000100101101100
00000000010010101101
00000000010010100101
00000000100000100111
00000000011000111100
00000000011001001110
00000000000110011011
00000000011011101110
00000000010111001011
00000000011011100010
00000000001100011111
00000000100000110001
00000000100110010110
00000000011001001110
00000000010101100100
00000000011011001101
00000000010100010110
00000000100010101110
00000000100001110101
00000000100100111101
00000000001101000101
00000000011111011010
00000000011101011000
00000000011111011000
00000000011110110000
00000000100000101011
00000000011111010000
00000000011011011000
00000000100001110110
00000000011000001110
00000000100011000111
00000000100111001100
00000000100110110001
00000000011101100110
00000000100000011000
00000000001101101100
00000000010001011100
00000000011011000011
00000000010101111001
00000000100000100001
00000000001010101101
00000000010011110011
00000000010100100111
00000000001111001110
00000000010101010111
00000000010001001110
00000000100100111110
00000000001111101011
00000000011001100011
00000000011111010010
00000000011011100011
00000000001111000001
00000000100110110000
00000000101000000001
00000000000110101100
00000000001100111010
00000000010111001000
00000000100001101010
00000000000010001111
00000000010011110100
00000000000110100010
00000000011000100100
00000000001000100110
00000000010001100101
00000000001100010100
00000000100011000011
00000000011111001010
00000000100000010111
00000000011110111110
00000000101010110111
00000000100010010001
00000000011101101011
00000000010100001111
00000000101000011100
00000000101010011011
00000000010111100010
00000000001010101010
00000000001010101100
00000000100101011110
00000000001110100100
00000000011010001110
00000000001100001101
00000000100000001110
00000000010111001001
00000000010111001010
00000000011100110110
00000000100011010010
00000000010011011100
00000000010101100110
00000000011001000110
00000000001110111001
00000000000010001110
00000000000101110111
00000000010011111011
00000000001110110000
00000000010010010100
00000000100010001110
00000000101011001101
00000000011010111101
00000000001111110110
00000000011010011011
00000000011101101001
00000000100110010010
00000000010100100101
00000000100000110110
00000000011001100011
00000000101001111001
00000000011011111001
00000000011110101110
00000000011011000100
00000000101000011111
00000000010110000001
00000000001100010101
00000000010100001010
00000000100100111011
00000000100001000010
00000000011011010100
00000000001000100010
00000000000110000100
00000000001010100000
00000000100011010111
00000000001010100010
00000000001100010100
00000000010111100111
00000000011100100000
00000000001010100101
00000000001100011100
00000000011111101001
00000000011010011110
00000000011100110100
00000000001110110010
00000000010001001010
00000000010110000001
00000000011100010011
00000000011100000101
00000000010000010010
00000000100000011111
00000000010110001000
00000000100000110001
00000000100100010000
00000000010000111110
00000000000111110110
00000000001100010101
00000000010101101011
00000000011100010010
00000000011110001001
00000000010100101110
00000000100101101001
00000000010101110110
00000000001010110111
00000000001100110100
00000000100000111001
00000000010010010101
00000000010001000100
00000000010110111111
00000000100011101000
00000000001110110010
00000000011101100011
00000000001111001111
00000000100101111101
00000000010110111100
00000000100011111001
00000000010111100001
00000000100001011101
00000000011010011010
00000000100100101100
00000000011000100010
00000000100000010001
00000000001110010010
00000000010111110010
00000000100100100100
00000000101011000110
00000000010101111010
00000000001111100001
00000000100010101110
00000000011100100101
00000000010101100111
00000000101000111011
00000000100001011010
00000000101000110100
00000000010010000111
00000000100001011111
00000000010011110110
00000000101101011101
00000000100011110110
00000000101001010101
00000000011000111011
00000000100100101111
00000000010001010011
00000000011010100011
00000000000110100100
00000000001101101000
00000000001010010101
00000000000111010001
00000000000101111111
00000000001000101111
00000000000100001011
00000000000011110001
00000000000101100110
00000000000100101011
00000000001010000110
00000000000100111100
11111111111101010001
00000000000011010100
00000000000111001101
00000000001011111100
11111111111111111001
00000000000010100011
00000000000100001010
00000000000110011101
00000000000100110101
00000000001000100001
00000000000111010111
11111111111110001101
11111111111100111101
00000000000011000110
00000000001001101101
00000000001111101101
00000000001011111000
00000000001011000000
00000000001000001001
00000000010000000101
00000000000111111101
00000000000001111000
00000000000101010000
00000000001010110011
00000000001010100100
00000000000110000000
00000000000101101011
00000000000011010100
00000000000110100011
00000000000101110010
00000000000111111110
00000000000111110101
00000000001001011001
00000000000101000111
00000000000010001101
00000000001000100000
00000000000101001011
00000000000100111001
11111111111101010011
00000000000000000101
00000000001101011101
00000000001011101111
00000000001011101001
00000000001010000000
00000000010000000110
00000000001100001001
00000000010010111110
00000000010010110110
00000000001100001111
00000000001000000011
00000000010010000111
00000000010110111001
00000000001101110111
00000000001111011101
00000000001111011000
00000000010011101111
00000000001011001110
00000000010010001010
00000000001011000011
00000000010010101100
00000000001101001110
00000000001110011000
00000000001001000101
00000000001011011000
00000000001100100101
00000000001101110100
00000000010010100000
00000000010001101000
00000000001100101100
00000000001100111110
00000000001011101101
00000000001101010101
00000000010000101001
00000000001110010011
00000000000111000011
00000000000100010101
00000000001111100001
00000000001011100110
00000000010010010100
00000000001110010010
00000000010000101010
00000000001100110111
00000000001110001110
00000000010010010000
00000000010010001110
00000000001011001110
00000000001111010001
00000000001111110100
00000000010000111000
00000000001011011110
