3075 629 1461 589 3483 1384 1127 25 -67 
3284 2037 2202 3566 2960 2736 732 2254 601 
3931 2441 3311 4032 3628 876 142 1847 1805 
56 1940 3895 1019 1582 1767 3402 3377 -805 
1855 1558 3791 3034 3021 3878 2089 3243 -499 
1852 3477 1599 3024 3999 2143 1761 848 300 
1324 454 1536 1351 1401 3346 2177 2134 -1099 
3171 492 2561 1420 1370 2353 3538 813 -108 
2754 3693 816 1221 2033 3644 2053 1134 -95 
2187 2352 1690 60 2878 2075 1561 266 -123 
1468 959 833 3332 1611 219 1536 3174 13 
677 3736 1307 1350 836 3142 287 3890 -272 
648 1173 2814 578 2097 2954 3804 2998 -1660 
3071 1668 981 2133 897 3450 2715 3342 -638 
3251 1921 1268 2816 4041 3153 3397 2891 -1057 
2438 3083 2034 3543 279 3966 404 2240 1052 
1650 438 2965 2513 3206 2320 3322 2362 -911 
3866 3569 2079 3230 1937 3394 1321 3997 523 
1139 298 3076 3404 3777 1339 3293 2204 -674 
1897 3361 3898 312 2902 962 1633 1098 718 
3409 4076 2661 2883 3818 2816 2327 1560 627 
2599 1487 1669 1510 1918 2061 3729 845 -322 
1387 2351 1994 1074 2373 3597 250 1805 -305 
345 2306 2208 3145 955 2405 1879 3526 -191 
2706 1449 1422 1039 3901 1221 649 1480 -159 
3037 2891 2870 25 1533 3692 1304 2445 -38 
1219 512 1590 3348 4018 3530 343 1383 -652 
967 1301 4031 2245 3068 3447 683 3698 -588 
430 3051 2987 2938 546 1826 2083 2172 694 
3521 2775 3300 2175 3914 273 2218 1153 1053 
1969 2805 853 2490 1336 3607 546 419 552 
3928 626 625 637 367 1861 2739 3404 -639 
3236 2919 1935 2902 3923 2071 1249 3234 128 
968 959 1903 2536 2520 502 507 1165 418 
3013 1684 3395 3829 1634 214 2339 3062 1168 
1311 2019 908 3846 1975 2211 905 393 650 
246 3356 3159 801 3666 2802 2690 4056 -1413 
138 1737 2006 2389 341 2703 214 2280 183 
2916 1998 2529 875 2644 1559 425 1546 536 
1076 988 2551 2141 1692 892 3516 3526 -718 
1163 2520 3192 3910 3766 1576 666 3263 378 
466 650 1457 3472 2386 2400 3791 2355 -1222 
41 3314 2493 1965 1099 1057 1970 931 689 
199 693 1058 810 2480 3373 3319 3285 -2425 
2900 3519 3199 835 4068 383 2664 881 614 
999 1391 810 2075 3893 1616 2393 2484 -1278 
2926 1644 3516 3769 3075 1169 3263 585 940 
2066 2501 2882 1570 2984 3633 229 566 401 
3534 1727 1684 3928 3072 4017 956 394 608 
1575 2049 2335 3999 2018 1642 4074 1069 288 
2725 3949 2748 1225 2175 6 3619 1656 797 
1233 3893 1886 1178 347 2384 627 299 1133 
2377 1175 1482 2968 3515 1425 3938 3905 -1196 
844 3146 2521 3763 2467 2875 3045 1577 77 
1030 151 1933 2642 1142 2121 1006 1218 67 
2664 3650 3526 860 1634 3636 1050 3959 105 
2535 677 3383 2685 2238 1029 164 956 1223 
1479 2594 4038 848 3100 3630 1934 651 -89 
3321 1951 476 3586 2601 398 3720 143 618 
163 4048 2810 1543 2065 3127 200 2973 49 
2872 1879 2384 1389 699 1635 3766 926 374 
1478 1329 342 2099 3411 3704 2963 1568 -1600 
1220 2833 3605 3786 333 1977 525 1036 1893 
3620 804 497 2226 1288 1564 3241 3436 -596 
2786 1707 2633 877 2528 2765 2461 1418 -293 
1492 702 3257 2017 1452 3174 970 3460 -397 
3344 3465 1516 1569 3527 1900 2336 2847 -179 
3935 2237 2607 2338 3797 3537 695 732 589 
997 3079 815 4025 2906 718 3515 3724 -487 
3938 2337 2305 723 2104 2246 677 2022 563 
2191 814 2552 108 1305 2183 1338 2466 -407 
1482 553 3742 2623 2698 2765 3049 3449 -891 
2116 622 1559 3362 702 1351 3958 3302 -414 
910 4094 261 1742 1656 1639 458 1738 379 
2512 4046 900 1450 1090 1194 771 94 1439 
1840 998 3557 2165 3743 3988 2397 487 -514 
3794 2431 3618 1738 2487 290 3787 2629 597 
428 2867 1621 348 878 1019 928 2879 -110 
3088 2241 2267 2582 4035 2597 2459 3723 -659 
2338 1374 3919 1801 2463 2949 2780 871 92 
334 1124 3552 2291 1903 1762 3169 2678 -553 
2693 659 1771 2068 1537 1967 1402 3182 -225 
1572 2914 1969 2986 3839 2118 3698 893 -277 
3576 339 1906 90 3310 734 677 744 111 
2831 875 1221 3146 2052 3724 237 1788 68 
2343 2314 3374 516 1229 9 3895 3138 69 
3077 569 1430 620 2034 3311 2592 2819 -1265 
2619 2987 3521 2567 740 2348 670 3710 1056 
317 1386 2378 1946 3298 2174 931 2905 -821 
609 2695 2596 939 746 681 613 830 992 
3911 65 3921 105 3977 1219 2150 3531 -719 
3671 774 2706 3854 3996 442 733 3057 694 
203 292 2003 3480 4083 18 2222 3527 -968 
3723 3462 3599 3056 481 2084 691 3403 1795 
3800 694 3619 1588 1567 1112 3554 3036 108 
1834 2906 3867 713 1002 2625 3311 3495 -279 
1630 473 329 1476 3394 879 3239 2681 -1572 
107 3218 3778 2016 3415 538 3111 3791 -434 
3410 1062 872 2139 1627 1962 4070 2475 -663 
3869 2008 1793 3164 3047 1814 217 360 1349 
