1775 1424 227 3356 434 25 1126 3861 2761 1579 3509 2763 836 500 -393 -3437 
2490 1799 3936 3370 43 580 1977 2378 1200 1797 1631 562 3439 3178 4098 2307 
3902 1474 3427 169 1736 310 1285 3874 3499 711 2194 1208 -1539 3306 -636 1996 
3697 333 3225 714 2948 950 848 885 3999 1564 2602 191 578 1760 221 -608 
950 3582 1884 13 1904 3375 3570 1233 966 3405 1793 2077 -2174 -1479 -2080 268 
760 620 3713 4065 1597 3386 3907 3660 3444 2798 704 973 -432 -2960 408 831 
1778 103 1100 4014 1280 2341 2505 3692 1622 2837 837 257 820 -3643 3913 -2471 
2549 2817 1215 2341 1295 3315 1497 2862 2594 3950 822 2450 733 -780 -154 -740 
343 2229 3465 167 1349 2905 3523 2051 4074 1755 1095 1937 -2890 -734 -5501 2844 
659 651 1099 3100 2495 3960 3167 2346 1844 1175 3081 386 -1082 -5377 1529 -2506 
437 3009 1452 2378 1224 2923 1476 2942 4076 343 1917 384 -1351 62 -1645 2201 
2970 3735 354 2129 2263 2806 1227 2465 813 2689 2860 1882 371 56 2404 -1460 
646 1727 2441 1320 3402 502 1029 3840 2683 3083 3320 198 -5276 2637 -915 -2235 
1698 2971 569 2590 1011 3440 3426 1855 1617 3938 33 1632 1422 -3326 1039 -431 
1997 2531 287 584 2679 894 488 177 678 2093 3551 3138 -275 1436 -1235 -2826 
553 266 2754 1975 2029 1284 1325 3723 1844 3066 759 348 -3224 411 336 -805 
848 2289 2710 3846 165 670 1794 1334 368 3318 1636 2684 3195 2535 1642 45 
2321 13 2667 1299 1089 1886 2552 3284 2298 102 3250 1118 -753 -1758 204 -672 
3370 2820 2473 1585 268 4089 2707 938 378 987 3696 890 3749 -1503 3687 610 
1964 3723 794 1835 2530 2433 2727 1096 1736 3273 3818 1923 173 -643 140 -2574 
1254 1799 1257 1126 568 682 2023 355 3795 608 657 2939 1457 351 -4354 1791 
2764 1468 370 34 1527 3228 1832 408 3300 2700 1852 2184 863 -3222 -2686 -2714 
2157 2579 2648 786 3283 805 1684 965 1115 35 3801 2130 -1305 2738 -302 1391 
1901 2144 1379 1361 4047 1940 3058 2743 3258 1116 1163 2937 -3528 -1475 -2933 1244 
756 3414 695 3904 2959 550 3493 3815 2310 1633 1808 2873 -2114 66 -523 668 
1065 117 3882 4079 3192 4052 1997 524 1902 3041 2758 3579 1428 -2050 -337 -1800 
3105 2527 1125 1377 3422 1580 329 3545 1783 705 18 2672 -2485 1743 27 2929 
1514 1540 1807 2114 1229 1959 26 702 1243 3049 2379 2871 1697 1362 -486 -2081 
3295 3489 482 2691 3083 2875 2478 157 799 1354 2632 890 2746 -1382 4297 -15 
315 4016 847 4026 2499 1015 2121 2919 1064 470 2251 896 -1077 1727 2381 2142 
1278 3985 1266 3875 1681 42 1270 636 4071 1844 2233 1074 2836 3939 8 1174 
3614 422 3372 1749 3769 2162 3566 1445 1639 2448 3733 545 149 -1934 3179 -2387 
173 1642 2439 3766 1203 2232 3201 1341 390 1809 119 2766 1395 -1352 783 2153 
457 818 2171 2569 1530 2483 3466 2874 1609 2342 1023 2978 -1378 -2960 -1561 -376 
1406 322 1238 1230 95 721 3525 2686 3508 1110 3669 855 -145 -2686 -1727 -3219 
3948 1697 940 3351 1476 2054 3062 3406 1615 396 1087 3243 2417 -2479 2441 1154 
3836 2327 3841 2446 4046 3122 760 2116 2621 3558 2457 4094 120 2286 -433 153 
529 1201 1953 531 934 741 2752 1334 3237 2236 944 2812 -1208 -339 -4989 -26 
201 2345 4069 1486 2288 3797 1064 3409 717 3603 1145 3479 -4010 1553 -2509 1666 
3304 774 4007 1039 3188 3320 2039 3750 414 556 3515 76 -2595 -578 3853 710 
2983 3344 476 2001 1423 3169 1168 3376 709 3537 3792 783 185 -517 3492 -3509 
206 2246 39 3392 3720 2888 996 2413 3845 3667 2482 3245 -2535 -1599 -3492 -3864 
3424 2294 3 1029 1769 1764 3584 277 1392 725 1008 2980 2407 -3051 81 564 
1180 972 572 904 3348 1549 2725 3832 1746 2478 3970 1493 -5096 -2730 -1155 -4904 
2721 1289 3627 1210 1210 3715 2018 848 106 697 1238 3937 1873 -817 -112 2981 
3209 2757 3443 1723 2882 1971 3360 1791 3522 36 4079 1127 259 869 283 2085 
137 623 1964 3640 1161 3211 698 2995 1010 335 3493 2811 -379 -1322 -44 -1241 
3923 4034 2190 3710 1952 3643 98 527 3033 1601 1612 2465 5154 2483 2135 3011 
98 1588 232 2824 2131 312 1664 1762 2700 894 332 1915 -971 -156 -1693 594 
2984 2514 3688 1035 901 966 3317 2876 3597 2912 2707 1800 242 1919 -1378 583 
2305 4055 3920 1379 637 1708 2271 122 3549 3663 2036 857 2925 3996 -722 2276 
2955 2865 1887 699 3253 3638 584 3848 1 1797 46 960 -3447 530 2693 2909 
2895 2843 1086 1337 382 170 3109 1330 2137 3898 2739 1937 2520 650 158 -2708 
2659 2726 942 3296 2059 1777 2903 2274 1044 308 2412 2761 1622 -1012 2150 948 
2408 2186 1935 1326 1765 3132 4081 1085 3244 551 146 1859 884 -3092 -1369 3424 
2305 945 593 2773 1450 2090 2845 2438 2073 3179 2806 1308 1190 -3397 1697 -4447 
3408 2706 2404 78 3427 467 3442 1382 1759 3251 580 2490 -1323 1201 -763 1279 
3811 2606 196 2860 1053 2829 1487 2219 910 3708 1530 323 3399 -1514 5438 -2436 
127 2567 3837 1310 3051 1183 509 2105 1587 4007 1195 2426 -3719 4712 -2576 1202 
2340 2522 2297 1146 622 3002 163 3283 1664 3399 3976 1730 -419 1654 92 -2556 
221 3223 2580 2084 2325 1266 3060 1379 3617 1366 3260 3296 -1399 1477 -4608 1177 
206 1648 3952 1697 1353 2606 3514 3228 2205 3037 3029 1821 -2678 -520 -2123 -466 
3482 2025 3883 3267 545 974 523 2187 232 1919 4024 2794 4017 4411 3723 -35 
3566 2032 1178 749 3936 3097 3892 2749 762 1187 238 180 -2370 -3779 3373 1785 
1145 698 2773 3695 1441 410 3247 1918 2815 2797 1726 2700 1481 -186 -675 -1052 
2594 2150 783 2096 3064 1719 3020 2811 3914 1261 1402 1585 -1185 -1806 -809 270 
107 2594 2315 1497 1726 1893 1288 924 475 549 3876 2017 -1046 1728 -888 484 
3064 1273 32 2521 1464 2657 3464 415 2409 2385 2137 1862 3706 -4816 1314 -3217 
3959 747 2291 2565 123 2630 3432 1618 1791 348 2381 3570 4783 -3024 1163 309 
847 387 770 2735 2999 2584 1917 1287 2627 2302 2718 511 -704 -3344 444 -3863 
2760 2786 3809 3394 729 3887 817 891 35 1231 1124 2402 4534 1891 3717 4240 
1624 763 1609 633 3408 613 2783 3072 61 582 126 3312 -4223 -1024 -1116 1664 
193 2728 1867 3288 1468 104 895 2911 2248 3561 3026 423 -898 3596 810 -1992 
3978 3025 57 2781 1988 142 469 314 2489 956 582 2171 4457 2471 2099 1544 
3810 2526 2825 960 847 153 2716 2077 1989 3529 3954 3111 1846 2482 -330 -2132 
1010 2769 3109 2400 3368 3795 2611 78 755 110 3829 1984 -36 -528 671 1939 
3255 1871 2024 1743 3652 3580 2593 1197 1194 1005 2884 3172 149 -2278 632 6 
3369 3301 1039 3278 2579 948 1561 1856 2050 2214 1413 1193 2212 1831 3404 713 
2881 3825 2433 2429 3025 1526 1856 2086 3803 1846 2610 1881 199 2876 -374 1802 
2268 169 3285 2750 820 60 3125 2324 2679 2599 3007 3634 1874 269 -1295 -2152 
2727 494 2923 1831 2625 2657 2778 241 917 688 3802 2110 1692 -2018 1531 -1073 
2757 2735 334 922 1164 3742 938 1018 2769 2656 2882 3428 1497 -1611 -2518 -2469 
2978 80 2390 3771 375 2271 3812 817 2151 519 3066 1289 5557 -3613 3309 -1115 
766 4015 2919 3381 2798 2823 2174 773 2019 2291 3392 831 576 1937 1297 1251 
2161 3308 1454 2243 2938 829 2636 0 2101 2333 29 3655 1466 1297 -1352 2400 
3412 3174 3227 1530 624 1443 2642 3816 382 3025 226 3101 502 2316 1459 3150 
1898 184 3448 674 471 1112 1287 2482 2774 4044 4067 3102 -381 1233 -3304 -4479 
1126 3907 1683 887 2576 61 177 738 821 2946 1814 3462 -1301 5352 -2270 830 
1596 3430 3065 2391 658 2166 1895 1554 382 1061 1375 1536 1775 2434 2069 4059 
599 1297 1152 3358 1401 3571 1098 3175 2495 74 2873 65 -619 -2220 1397 -498 
2801 3595 1768 2585 2400 931 3213 1178 3785 1222 2196 1366 1808 1219 235 1945 
972 2233 441 562 387 1273 3328 2103 3548 4015 1338 899 -956 -1927 -2913 -2679 
2122 1446 3520 1065 3455 2387 2946 1407 38 788 2078 99 -1675 -367 3050 2100 
2252 1131 2851 3609 101 1397 1726 328 325 296 3687 3969 5432 859 1567 -1 
1602 1284 2266 3243 3269 3535 3268 26 3767 74 120 2913 1550 -3253 -1835 3356 
2205 2148 2057 269 942 479 4053 289 246 2709 1409 526 1243 -327 1702 87 
2609 3057 3298 1102 1777 1645 2490 3154 3854 538 1047 1549 -1220 2220 -1692 4770 
4069 1396 3684 972 901 4058 3895 2613 2064 1466 3147 3212 1527 -2873 -235 467 
118 215 1324 3275 2581 4025 648 2525 1264 348 3591 2419 -1713 -3134 -290 -2400 
1241 688 1392 276 2676 1000 3104 1224 1715 229 126 764 -2383 -2024 -962 1725 
