3336 3709 520 3740 2589 399 1140 2239 3920 3951 645 3974 3919 123 132 2690 2248 -367 -818 1159 1292 -422 -177 2694 4095 
3277 581 1727 3749 3244 3929 2685 146 3477 3824 2779 3102 3043 100 155 -4306 3636 -4295 447 2201 -1683 270 -1678 2784 3747 
2684 701 2891 130 1133 189 397 3372 2845 1298 3891 141 1796 97 158 3006 -1691 -1597 -172 -1044 1138 -107 -606 1749 2153 
3134 3256 765 2005 1824 2646 2904 3090 1130 2783 2682 665 487 127 128 -1529 225 -1444 3344 112 -759 1672 -717 811 10 
3930 1393 2396 916 3076 1044 2071 2862 3648 3928 2240 567 611 65 190 674 -1092 -2379 631 -811 171 468 -605 931 680 
3442 1041 3334 997 3805 1433 805 1028 2522 1938 1440 3402 2396 140 115 2137 -394 997 -1485 -177 1168 -668 545 1901 2458 
3755 1170 3100 3086 1557 2325 310 220 2173 3190 3824 531 2329 119 136 1635 5064 -2744 4137 2690 760 2197 -1276 604 1869 
48 1380 664 3252 1274 2164 678 2465 1076 2678 2822 3063 1844 21 234 -798 -439 -3456 -839 -402 -66 -767 -284 2078 2370 
937 3740 623 3381 2204 4079 320 1812 436 3938 18 3173 3346 221 34 -36 302 407 709 40 -32 94 351 3342 3124 
345 1637 1064 3276 1766 3729 744 1080 595 557 3559 2373 2251 36 219 -1772 775 -1415 653 662 -250 558 -199 2045 2072 
3493 2547 1437 2101 1645 311 982 504 753 982 1708 203 3696 240 15 2691 3445 1294 4638 201 2522 271 1213 2335 2954 
2010 2003 1382 3685 1512 455 3195 1595 989 1654 394 540 3857 243 12 -265 2588 1337 4166 121 -252 195 1269 3923 3125 
2355 244 961 1446 3362 63 176 692 2658 2996 2652 1846 2240 75 180 966 -253 -4443 -703 -178 283 -495 -1302 2188 3139 
3049 773 2812 751 1508 2561 3195 332 3805 3176 1993 1784 1829 78 177 -2171 1960 -1584 -1789 1355 -662 -1237 -483 1483 2689 
2082 2091 3348 3254 2638 1550 3323 2181 1436 3845 3586 2252 2549 149 106 566 517 -1992 1648 214 329 682 -1160 2278 2788 
850 1233 1928 943 3457 797 925 699 932 1784 1273 3781 1761 47 208 1439 -2363 104 -2920 -1920 264 -2373 19 2589 2938 
3705 4012 1797 455 1056 1673 2436 1073 2468 2912 908 480 1214 81 174 1700 2031 1989 1212 1380 537 823 629 256 488 
1736 2079 350 1074 3280 119 3803 2990 2000 2369 971 1878 3943 139 116 -1493 -3460 -911 -1068 -1568 -811 -484 -495 4095 4095 
2134 948 2002 2555 2781 1619 1504 4045 154 3624 3739 3260 404 66 189 -173 -2137 -4413 1275 -1578 -45 941 -1138 1216 503 
1373 2783 559 2953 437 2677 2023 3190 2928 3700 3648 1368 2861 50 205 -1358 699 -4006 30 559 -266 24 -783 2715 3241 
125 3046 2047 1965 3704 2497 2529 3519 3298 2361 749 982 3630 7 248 67 -5133 1983 -2190 -4973 1 -2122 54 4095 4095 
2006 687 4007 2918 2049 1929 244 2792 173 292 2136 396 3350 208 47 2521 83 2266 4355 15 2048 799 1841 2319 2030 
2958 613 2701 2123 3984 2657 3277 1858 1770 3379 341 545 710 99 156 -2620 -761 -406 2766 -464 -1014 1685 -158 1449 0 
3404 3289 247 1634 2157 1706 2689 2571 1195 1767 63 4029 684 27 228 -859 310 1706 -186 276 -91 -166 179 592 678 
1525 811 2005 1390 3896 3768 215 3021 1102 1731 2243 3860 1710 250 5 -1167 -4002 -1158 -2047 -79 -1140 -40 -1131 2320 2296 
1234 2870 2728 2207 2858 2729 729 524 4091 700 133 2298 3611 170 85 2140 59 4765 -2948 19 1421 -979 3164 2891 2519 
779 1510 1886 4019 640 3503 2640 1540 781 1753 1973 493 2414 57 198 -2747 2618 -330 3524 2024 -612 2725 -74 1708 1089 
1575 2387 1031 1189 2526 1086 3375 4024 2990 1408 2391 441 3711 224 31 -1043 -3786 -381 -667 -459 -913 -81 -334 4095 3919 
3348 1067 2433 92 1741 1280 661 732 1731 385 2450 1928 2849 178 77 1559 967 665 -219 290 1083 -66 462 2163 2651 
2614 137 281 1308 2173 2679 1669 3357 2941 3966 2175 1331 432 155 100 -3930 -1608 -5723 -350 -629 -2380 -137 -3466 1937 2234 
3189 1734 371 1091 629 1150 1802 2158 1873 3584 2121 3864 2611 244 11 -847 1493 -3600 -1457 64 -808 -63 -3432 2983 4095 
985 2768 1183 2751 2846 278 1043 917 2734 3457 1410 3196 2765 1 254 2630 -27 -916 -2194 -27 10 -2177 -4 2774 3856 
2465 1583 3750 4 1893 1737 1887 3153 1320 3213 1930 146 720 184 71 1709 -2577 190 1003 -715 1228 278 136 464 513 
1938 625 1396 2487 785 3023 994 3756 1101 3134 772 1177 373 146 109 -1996 -116 -1885 2147 -50 -1139 914 -1076 968 454 
2798 2238 1743 2638 2651 2780 2603 3870 855 2904 967 488 2486 114 141 -1402 -1085 110 4093 -598 -625 2254 48 3098 1335 
1878 2710 3154 1434 2710 1704 3447 3410 1050 2512 2384 2214 3562 67 188 713 -2808 968 48 -2063 186 35 253 4095 3418 
1302 488 3848 2643 1963 2618 2230 2650 2227 2952 2139 4069 895 26 229 -512 -668 -755 -2351 -598 -52 -2104 -77 1220 1986 
449 260 1656 1836 1498 3126 2571 3161 3820 3983 786 568 2851 23 232 -3781 -2374 -2853 -2103 -2152 -340 -1906 -257 4095 3933 
2151 2171 3526 1985 1611 2749 3035 2129 1423 614 2400 1073 182 192 63 -87 396 2683 1640 97 -66 403 2012 167 0 
994 1811 2816 1471 3015 1616 2798 2883 1811 80 1354 1737 1106 50 205 213 -3433 3193 -1083 -2750 41 -868 623 2461 1229 
3364 1760 3635 1601 3149 1624 3310 3092 1545 884 3236 3887 1341 171 84 461 -1276 1275 -467 -419 307 -154 851 1397 993 
1796 3413 3148 684 3529 4053 2106 3621 2407 633 818 1666 3065 210 45 402 -4670 5110 -1593 -821 329 -281 4191 3311 1110 
3234 1304 2186 368 457 558 2779 2027 776 2027 604 225 3483 142 113 153 1118 859 2601 493 84 1148 476 3195 2671 
3806 2852 2386 3339 3599 4049 2 3543 2508 4053 2160 1963 3281 58 197 1187 3 -975 2674 2 268 2057 -221 3146 2363 
2039 3688 2353 3461 3024 2399 1010 2728 341 2563 2706 2988 3647 250 5 2632 -252 772 2171 -5 2570 42 753 2365 3250 
3149 2381 3801 2375 69 494 3532 1983 3459 857 2261 2579 131 156 99 2156 3472 3064 -514 1342 1313 -199 1867 0 0 
1484 202 2004 788 504 841 599 774 174 2601 1154 2205 2846 127 128 766 994 -1549 -107 497 380 -54 -769 2408 3258 
2194 1823 507 2008 3493 3578 1106 853 2313 2622 1707 843 3881 20 235 -2354 -144 -1999 1046 -133 -184 960 -157 4040 3480 
432 581 681 2542 2349 213 3813 2983 3021 259 3523 3826 4031 219 36 -2764 -2358 -2520 -3873 -332 -2365 -545 -2156 4095 4095 
3216 2102 727 1632 548 126 3845 1233 1210 1363 1912 2654 103 214 41 -1142 3067 -446 984 491 -955 157 -373 335 211 
2289 3497 1424 1826 222 725 2714 1354 3679 483 4047 2211 2894 254 1 1482 2539 391 -1775 9 1470 -7 387 2155 2704 
1178 1697 1903 3128 3350 410 729 1472 232 2137 1375 719 855 230 25 2461 -516 88 3355 -51 2211 327 79 0 652 
2765 1918 3735 425 3053 3015 2300 754 2445 1228 549 870 3664 18 237 338 -617 3876 -125 -572 23 -116 272 3939 3586 
992 220 1808 54 3673 805 382 1258 1867 416 4076 1359 1217 15 240 841 -3885 -2464 -2180 -3643 49 -2044 -145 3014 2312 
1221 189 2069 3118 2584 368 331 3182 3706 2185 446 3381 1384 74 181 1559 -1427 -373 -2748 -1009 450 -1943 -108 1664 2410 
3056 42 198 2735 2471 2154 2988 2896 3199 1179 2835 2279 1623 15 240 -4902 424 -3774 313 397 -288 293 -222 1569 1588 
3194 1382 2489 3035 429 523 2250 1987 3646 3271 3007 210 298 22 233 1098 3813 -2407 2373 3470 94 2159 -207 0 0 
3269 3861 2799 540 2959 451 481 2623 1346 2677 3067 2388 3030 59 196 5728 -1773 916 75 -1358 1320 57 211 3049 2896 
3009 3974 3550 353 1500 1511 2805 2448 3232 1505 843 354 3161 52 203 3208 -586 5176 -224 -465 651 -178 1051 3068 2725 
1589 2259 937 2628 1983 621 3202 411 1204 972 2173 374 1659 26 229 -627 1823 51 2639 1630 -64 2360 5 876 477 
459 3212 1193 2471 3949 1771 2845 3104 1771 2684 449 3823 767 67 188 -211 -4123 1272 -2664 -3028 -56 -1957 332 2309 1580 
3267 1996 3148 1621 1117 152 2757 1759 1849 2497 243 1293 3164 177 78 2235 2012 2404 1746 613 1545 531 1662 2085 2068 
513 532 378 32 1732 2684 2960 2175 445 2587 518 549 403 36 219 -4734 -3362 -2195 -449 -2877 -666 -385 -309 2175 750 
688 803 1300 1295 890 1028 3656 2879 2275 755 868 316 3742 180 75 -2581 -1786 480 -608 -524 -1815 -179 337 4095 3663 
2284 1283 680 2549 4045 697 1055 1624 303 2801 1647 4024 1646 158 97 211 -836 -2485 506 -317 130 191 -1534 1740 2318 
632 1561 659 3104 3567 1436 2807 1204 2172 3408 2446 1373 1225 115 140 -2023 -1035 -3634 191 -567 -909 104 -1633 1963 1990 
1730 1472 2286 3040 1737 1758 511 100 1188 1300 2676 3918 3831 116 139 1489 2933 -218 -336 1592 674 -183 -99 2698 3972 
984 3128 3109 3032 3045 433 2790 1897 868 403 3372 716 669 169 86 3014 -926 2462 2432 -312 1989 817 1625 0 0 
3662 2115 2877 628 3904 2214 2783 149 3313 3065 492 2150 1334 139 116 -5 237 1435 -1173 107 -3 -532 779 1282 1211 
1633 1699 740 1045 84 3782 2676 3819 669 3771 3254 2364 1801 65 190 -4019 -1225 -4586 -355 -910 -1021 -264 -1165 2767 2516 
3079 936 262 3142 2748 2928 2629 1716 1600 3342 1299 3335 3231 217 38 -4359 1757 -3443 1286 260 -3695 190 -2919 4095 4095 
2070 2603 3893 1818 245 3549 2584 1454 4082 917 2671 2477 1585 36 219 363 2189 2908 -2671 1872 51 -2285 408 624 2524 
102 1724 753 2972 1516 3446 3006 2338 724 3920 1086 3786 916 95 160 -3975 -780 -2529 -1436 -488 -1476 -898 -939 1898 1835 
358 2621 739 184 2961 1422 2705 1571 2568 88 3728 3278 3054 207 48 -767 -3990 -456 -5304 -749 -621 -995 -369 3739 3736 
1569 2527 2356 2170 1126 1018 1849 932 3294 4038 122 2193 356 204 51 2016 1681 723 -1748 334 1606 -349 576 0 243 
4050 274 3846 74 2800 3209 2187 3625 3681 2563 564 891 745 10 245 -1276 -2301 993 -448 -2203 -50 -429 38 1872 941 
437 2524 3847 1451 1681 4030 3872 2770 4047 3140 1378 2712 999 75 180 -1531 -2563 1853 -4871 -1803 -449 -3425 542 2125 2441 
2785 2161 1685 2467 3073 2389 2259 2389 2095 338 2946 4079 1451 247 8 -802 -210 562 -922 -7 -774 -29 542 1842 1195 
1418 3630 1861 1692 891 514 1265 2973 3205 2841 40 3452 3776 196 59 3712 -754 2610 -3547 -174 2842 -818 1998 2442 3186 
174 1548 2884 2987 918 1101 2756 1955 2554 968 725 3397 3140 238 17 575 288 2739 -2790 19 534 -186 2546 2864 1960 
441 746 405 2005 791 3668 405 180 2282 3163 1277 732 1388 53 202 -2922 1475 -3289 -568 1163 -605 -449 -681 1109 1953 
2089 3711 2575 415 1600 223 2052 1767 4085 3323 1988 3662 563 99 156 4011 -863 975 -5243 -526 1551 -3195 377 51 1972 
3797 3757 2922 2532 1405 3833 510 2991 2647 3411 1630 3070 3420 82 173 2336 1933 1638 612 1306 748 413 524 2393 2952 
2261 4009 2249 1353 2536 1476 3097 1694 2016 2844 3983 1342 3430 188 67 1685 -616 -569 256 -162 1237 67 -418 2893 3606 
3907 130 1461 2713 1152 943 2912 2557 2418 2704 194 1428 1848 61 194 -2264 2911 -1307 2774 2205 -540 2102 -312 1016 953 
2928 3506 1152 2993 564 3426 567 2408 1499 3303 2062 2004 3591 90 165 665 2949 -707 2418 1900 233 1558 -249 2525 2937 
1840 3945 173 3984 774 2731 2401 2764 1478 2540 3321 78 343 248 7 -1014 2286 -1743 4268 62 -983 116 -1689 804 1130 
2667 946 1652 499 1099 1055 1358 623 1425 498 3620 386 3808 101 154 185 1444 -1520 1355 868 72 815 -600 3338 3701 
194 1402 3013 3254 2231 2810 3659 224 1243 189 800 2949 2955 223 32 -2054 993 3426 -744 124 -1790 -93 2984 3788 1510 
2385 289 3778 3277 1170 2226 4032 2930 3435 1774 1927 2296 1101 190 65 -2191 1562 366 -69 396 -1627 -18 271 1717 975 
2063 2648 1260 568 1947 1484 3227 3195 2737 546 88 2292 1231 239 16 -803 -2511 3274 -2398 -157 -750 -150 3056 1685 0 
4016 1173 3279 3669 2446 3620 3864 2248 2982 2361 105 1828 2646 132 123 -3032 2991 1986 2875 1437 -1564 1381 1024 2710 1444 
1524 3837 3396 3477 1525 2429 3573 3822 2737 846 2677 295 1665 170 85 1231 -346 3710 1969 -115 817 653 2463 1314 107 
3823 3320 1984 3098 1707 3979 4045 3538 1592 1862 1010 3212 3615 232 23 -2720 1676 2432 2117 150 -2465 190 2204 4095 2418 
2286 2452 609 3684 1844 842 3684 3122 3613 1166 2756 2720 502 103 152 -1465 1004 -861 -363 596 -590 -216 -347 499 784 
1127 2934 1160 3669 3384 1597 2038 2845 3416 2496 2353 1335 1869 182 73 459 -1433 -755 45 -409 326 12 -537 1911 2132 
3621 2951 76 2763 1795 1792 479 3336 1330 1008 1403 1538 2238 143 112 756 1253 616 3516 548 422 1538 344 1753 1297 
1620 1630 2110 2692 3893 2958 1638 3406 550 247 344 671 1327 76 179 -856 -2987 3149 3091 -2089 -255 2161 934 2499 0 
47 2210 390 599 2584 3518 3989 2337 4082 2266 2110 1354 1760 125 130 -4907 -4275 -1776 -4790 -2171 -2396 -2433 -868 4044 3411 
290 3635 264 1786 3385 1615 2512 3352 3629 3812 781 1058 3676 151 104 -228 -4661 -694 -2611 -1894 -135 -1061 -410 4095 4095 
