184 100 300 147 107 
2114 100 300 0 255 
131 100 300 215 39 
221 100 300 100 154 
1617 100 300 0 255 
299 100 300 1 253 
2536 100 300 0 255 
2534 100 300 0 255 
2239 100 300 0 255 
464 100 300 0 255 
2044 100 300 0 255 
1607 100 300 0 255 
3016 100 300 0 255 
2011 100 300 0 255 
2481 100 300 0 255 
1406 100 300 0 255 
1340 100 300 0 255 
2558 100 300 0 255 
258 100 300 53 201 
412 100 300 0 255 
537 100 300 0 255 
1211 100 300 0 255 
2577 100 300 0 255 
2490 100 300 0 255 
187 100 300 144 110 
1237 100 300 0 255 
1633 100 300 0 255 
1292 100 300 0 255 
2036 100 300 0 255 
1946 100 300 0 255 
905 100 300 0 255 
1338 100 300 0 255 
48 100 300 255 0 
3050 100 300 0 255 
518 100 300 0 255 
329 100 300 0 255 
1154 100 300 0 255 
614 100 300 0 255 
1518 100 300 0 255 
1052 100 300 0 255 
2950 100 300 0 255 
2853 100 300 0 255 
163 100 300 174 80 
2287 100 300 0 255 
834 100 300 0 255 
1310 100 300 0 255 
1698 100 300 0 255 
2922 100 300 0 255 
1295 100 300 0 255 
3047 100 300 0 255 
934 100 300 0 255 
2173 100 300 0 255 
2065 100 300 0 255 
1671 100 300 0 255 
2164 100 300 0 255 
2066 100 300 0 255 
552 100 300 0 255 
396 100 300 0 255 
3097 100 300 0 255 
530 100 300 0 255 
101 100 300 253 1 
1739 100 300 0 255 
2733 100 300 0 255 
2074 100 300 0 255 
590 100 300 0 255 
1143 100 300 0 255 
1428 100 300 0 255 
3043 100 300 0 255 
484 100 300 0 255 
2652 100 300 0 255 
1998 100 300 0 255 
1166 100 300 0 255 
591 100 300 0 255 
1327 100 300 0 255 
1494 100 300 0 255 
373 100 300 0 255 
1827 100 300 0 255 
701 100 300 0 255 
1192 100 300 0 255 
1807 100 300 0 255 
780 100 300 0 255 
900 100 300 0 255 
1912 100 300 0 255 
822 100 300 0 255 
2555 100 300 0 255 
3046 100 300 0 255 
2263 100 300 0 255 
1066 100 300 0 255 
1810 100 300 0 255 
334 100 300 0 255 
2809 100 300 0 255 
2726 100 300 0 255 
2535 100 300 0 255 
808 100 300 0 255 
1842 100 300 0 255 
69 100 300 255 0 
1318 100 300 0 255 
969 100 300 0 255 
500 100 300 0 255 
554 100 300 0 255 
